0 2.194181417261213 7.06552569506289 4.336923972969702 4.186312834637183
1 1.0275839507324815 6.601256344785551 3.398009045476477 3.1537478400847623
2 2.221844593603269 5.974893650732625 3.6098459411496044 3.6146509851675224
3 2.1621583499219637 6.221153005319078 3.766128795448033 3.6204004901877522
4 2.071053250154748 5.918744267362449 3.402506540440017 3.1485307166489975
5 1.253005075310011 5.712857545145244 2.9215982700035243 2.5574193278014516
6 0.21748400278966828 5.234935906430966 2.2525310350223915 2.421009457918203
7 0.4100198876147414 3.635688597764887 2.003163470274003 2.166873445090028
8 0.45067575561274653 3.4021490518847277 2.179139559495162 2.344901087502367
9 0.21526242170874044 3.922485901065127 2.255870282225636 2.366882517671494
10 0.2005885704422572 3.116674584856558 1.3996614992928536 1.3309979909783807
11 0.10979875722192789 2.1554696846777657 0.7178921993123699 0.5479642379537393
12 0.18173182699196078 2.0853479389316267 0.7073118538223007 0.6336812326537786
13 0.11039229370500125 1.6733439562176433 0.6409002557216159 0.57387459784464
14 0.08514799162266984 1.1963833929373817 0.4871090943813051 0.4838540218481797
15 0.07178020281091024 0.959902780429243 0.33406908093593163 0.2734065350075814
16 0.0774883505788897 0.7484197887949411 0.23131488656233543 0.1896385661654656
17 0.029201874672506012 0.5067705259866959 0.14252158835960205 0.11972981904942381
18 0.03847593664449578 0.25318404916522086 0.10948478021375001 0.0979734634451277
19 0.03383063666534669 0.3661178508680796 0.09641135009787531 0.08416812293747222
20 0.007205854345777585 0.17388312456317623 0.0612792124463248 0.05704841431238217
21 0.013181081359434632 0.15327137005125424 0.04672876609696347 0.04058943066085208
22 0.006157578396635888 0.12319839270584554 0.04771015539433479 0.04567722628573678
23 0.013882559918333204 0.0893202429823785 0.041644102280562215 0.0399742280562827
24 0.009201311892824027 0.059742786855129015 0.032327511187490415 0.0314102591866523
25 0.005293338107286605 0.050340286361855835 0.026201418949665385 0.02562038082085616
26 0.0016080070620110298 0.03505050940721732 0.012987088216482992 0.012385869310854947
27 0.0012739286027749763 0.024911475720309273 0.008612284598870108 0.007866928962922959
28 0.0009487743237248658 0.01728198903092748 0.008831990839019194 0.008790830079093315
29 0.002308680451353684 0.015336100832989974 0.007959261608355011 0.007594217558434924
30 0.002263463957163925 0.012281665523854901 0.0056812595757857135 0.0053433105171998285
31 0.0008413315009474509 0.010549153785607945 0.003663710995295073 0.003379257551794357
32 0.00038238012241409436 0.007810891952502619 0.0020855467033646315 0.0018424527883866837
33 0.00033361769964601606 0.00487689762271204 0.0018461518263247888 0.001723639213948136
34 0.0003846626003967124 0.00418162147132195 0.0014985656626057243 0.0013710009810758983
35 0.00018824825959429248 0.0029179861427626186 0.001133151889253181 0.0010282649726804927
36 0.0001514240491187202 0.0022485532704874522 0.0007563050405671312 0.0006298350359572602
37 8.429360766060157e-05 0.0016978232557325335 0.0005379924040371442 0.0004480878187522741
38 7.028217604743148e-05 0.0014762710248921174 0.00040968954092294394 0.0003514810802376367
39 5.761109702762113e-05 0.0012987747030703822 0.0003341085352771422 0.0002798157375001331
40 6.757810273017029e-05 0.0009599630650183322 0.00023869170019805708 0.00018814542897738207
41 5.039074051582659e-05 0.0007414554503140103 0.00018523737894062363 0.0001672802271106555
42 4.222072519555198e-05 0.00039532672509468014 0.00013761715040809365 0.00011534750419395223
43 2.8599805724116578e-05 0.00040270420234422843 0.00011216211336344983 9.302267707989031e-05
44 3.0267947221052083e-05 0.0002965452957579551 8.750827165242114e-05 7.551055638232995e-05
45 1.4480351744783349e-05 0.00017769151063662392 5.594729841243762e-05 4.94899303977725e-05
46 1.774124712783376e-05 0.00014171725063905072 4.6629669756921286e-05 4.175709385956239e-05
47 1.4001219146297927e-05 0.00011344912745814284 4.6302712153813986e-05 4.320327650164657e-05
48 5.949266658422658e-06 0.00014204271560958048 3.782614999883194e-05 3.489053630056915e-05
49 3.985577976539645e-06 7.267620496209659e-05 2.340311707607512e-05 2.0679989539917898e-05
50 6.17952226322771e-06 5.831296708835865e-05 1.9246982102263387e-05 1.8022516206972483e-05
51 5.309203466641321e-06 6.528466652655496e-05 2.0890294380198073e-05 1.9875838316085748e-05
52 4.627571027260302e-06 7.641646911737965e-05 2.0641115153470223e-05 1.9398164966322184e-05
53 3.418325438264702e-06 3.380872834712889e-05 1.2232164855578986e-05 1.1657280844179496e-05
54 9.317127482866283e-07 2.0526156561562203e-05 6.535748579583611e-06 5.949675337735272e-06
55 1.7122606839059529e-06 2.0354851674841967e-05 8.129397793066317e-06 7.691654462238517e-06
56 1.576183617846283e-06 1.909639358332882e-05 7.750357078943893e-06 7.410373131566672e-06
57 9.287897566601089e-07 1.5421421914130207e-05 5.56816405980598e-06 4.982852991108899e-06
58 6.039075555186457e-07 1.1622797441379618e-05 3.3804256053393543e-06 2.959400049906691e-06
59 3.6735412622945773e-07 9.088379027577531e-06 1.958189004813704e-06 1.5875756642635963e-06
60 3.950569902322343e-07 5.975330790608524e-06 2.007618961474833e-06 1.8387946423281676e-06
61 5.443836568197469e-07 7.564356999001376e-06 1.9313719887215085e-06 1.7174983306667002e-06
62 4.6549236332182886e-07 5.575439882665734e-06 1.5756738127059578e-06 1.4577194495934975e-06
63 2.477009890533566e-07 2.6486476163434247e-06 9.55035446192909e-07 7.609041703382502e-07
64 3.012622937781373e-07 1.9185124071618986e-06 7.772268552308503e-07 7.042081251462662e-07
65 2.661474600706981e-07 2.665936073231734e-06 7.800785416911537e-07 7.189180757372071e-07
66 2.726486951765139e-07 1.2908637718744842e-06 6.145532467449755e-07 5.534487379499353e-07
67 1.8286154501723217e-07 1.2402882529904957e-06 4.124343237243977e-07 3.6832781669104975e-07
68 9.528950473125519e-08 1.2130965214574019e-06 2.939929922796125e-07 2.637490674750609e-07
69 1.0396640037768634e-07 6.207983678230278e-07 2.5735516077318723e-07 2.397017184740946e-07
70 5.985975137789978e-08 5.969346728029734e-07 2.2422627244722547e-07 2.1613732359426763e-07
71 6.420295450837443e-08 4.471524168714325e-07 1.8246991968950966e-07 1.7612402603006672e-07
72 6.471997382462291e-08 3.5070930382019583e-07 1.432946222301723e-07 1.3438641888185998e-07
73 2.4352655447756888e-08 2.1714247155912858e-07 1.0780806897869865e-07 1.0159029040224254e-07
74 4.139300502359333e-08 1.4452524199626282e-07 7.90294930830271e-08 7.483847364042617e-08
75 4.2674401345976776e-08 1.2193459086873304e-07 7.06191131705225e-08 6.831369647741781e-08
76 2.5475945353292673e-08 1.2604614285649518e-07 6.45102855223456e-08 6.08803571999772e-08
77 1.4728336328317937e-08 7.649618227745236e-08 4.60415475878051e-08 4.469296621678609e-08
78 9.35233801513391e-09 5.667131519615509e-08 2.8335896704589914e-08 2.6139798325885977e-08
79 4.842864331777719e-09 4.146302190477513e-08 2.0629209291911366e-08 1.9642670157082875e-08
80 6.843379640741887e-09 3.775177548348552e-08 1.5746072090649933e-08 1.4368469525294358e-08
81 6.564605303793769e-09 2.727446402062128e-08 1.289407974169876e-08 1.2258795312192206e-08
82 2.5079676113648475e-09 2.2256643195106562e-08 9.181045346196015e-09 8.47317460639374e-09
83 4.909428419352935e-10 1.970138940876609e-08 6.2359846886295146e-09 5.39435385249476e-09
84 5.662283975027549e-10 1.7913170058392325e-08 3.804585606559385e-09 3.2279321438011266e-09
85 2.6224400428986883e-10 1.098080959494041e-08 2.6455463775221232e-09 2.1484365397839156e-09
86 2.6104673978011306e-10 7.233783794191595e-09 2.10622770779878e-09 1.7077881331317712e-09
87 3.145008697913454e-10 6.5078613609159675e-09 1.6405469871472178e-09 1.3594285697138275e-09
88 1.66931801715009e-10 5.637744937558864e-09 1.2351594769199891e-09 1.095850965526779e-09
89 1.8081935948544015e-10 3.913712465219987e-09 8.162725784188751e-10 6.870348734366871e-10
90 6.976863531349409e-11 1.697312956849828e-09 5.883247844451489e-10 5.01751973303044e-10
91 7.450440264733516e-11 2.2806330157720822e-09 4.758523353132204e-10 3.5104941176200555e-10
92 3.576561269369449e-11 2.1918542536525365e-09 3.662835190709757e-10 2.847486690882306e-10
93 3.9193981393736976e-11 8.812546248293529e-10 2.60673207463924e-10 2.1964696728105082e-10
94 2.2155166590209774e-11 7.51058326642351e-10 2.1712784459282375e-10 1.7812640251690937e-10
95 1.4097611966690238e-11 9.453846594453807e-10 1.815075556521606e-10 1.4769208078746487e-10
96 1.9376944493387782e-11 9.616596408079658e-10 1.1738082505985403e-10 8.83102480031539e-11
97 8.889333713568703e-12 7.576095306660591e-10 8.078886892803893e-11 5.911049427709258e-11
98 9.308553927667162e-12 2.945488297712018e-10 6.048106016010024e-11 4.778266671223719e-11
99 1.2235989998998775e-11 3.214606358881156e-10 5.424672266940433e-11 4.71449546068925e-11
0 0.7555599599129157 7.377431342229398 4.10142231888111 4.003648523490929
1 0.6709857496913689 5.405323535358267 3.1811498355906274 3.1041916019193168
2 1.3434115132471303 5.908993885420006 3.298691065664839 3.0917683363269775
3 0.7469842383335288 6.03206666262782 3.4609520927279136 3.4108370124243774
4 0.44030441489795935 5.100276641729238 2.8498914594065456 2.756743676845098
5 0.3807210565381749 4.224519361941173 1.9484992064751336 1.9483020007083476
6 0.19537217556304443 3.732809911639283 1.357331486187406 1.1967164962296555
7 0.12145365152641263 3.3705330652879835 1.2233645741224128 1.0753445218458109
8 0.11149009331923354 2.6957676592095194 1.3301896198466372 1.3105148342373316
9 0.1489365025139162 2.5711905541060287 1.1722353100612428 1.0521503498835991
10 0.022403775065364062 1.8189589628350906 0.5647525940455204 0.43581666299960853
11 0.038111377999119345 1.4056380114216158 0.297730249007766 0.21573292350415274
12 0.055240532309075 0.9550464545872619 0.33462156149768685 0.3192659588539706
13 0.023323181670488413 1.1382375095881554 0.31333709848889985 0.2580573885865811
14 0.02534660645102038 0.87184347273416 0.23654811139258208 0.2108386574101293
15 0.021760618935090736 0.543311837494056 0.12169931811211045 0.10474052081819396
16 0.012701621415864839 0.4705018352384198 0.07997551949010584 0.06828337009328189
17 0.014455815385620685 0.2517323396028712 0.07678502900377586 0.06836631118812742
18 0.009289698351701237 0.23164733645661828 0.06307428012596192 0.05928113328316664
19 0.007239284677620805 0.14451556825816114 0.03681406820503371 0.03141577662664696
20 0.003749972570855409 0.07816152827101819 0.020965094463290673 0.01771988460978635
21 0.004574064447070203 0.04999596571219955 0.018022249129435133 0.015694061116363844
22 0.0028760461952903604 0.037047802711296374 0.015809400508333037 0.013264979369632446
23 0.0034332793967490893 0.029366228556992002 0.01260517566547401 0.011313152263911608
24 0.0036072163836675664 0.03239674110149737 0.011076193436089827 0.010440916838540648
25 0.0015635660106387839 0.020755646881373213 0.0077257696071199615 0.007338654679620138
26 0.0012349266557092342 0.0169186469957876 0.0066381030968958935 0.006091310757691648
27 0.001370450998333883 0.01624948791671743 0.006494049277460956 0.0060640746528020095
28 0.0021788321243865205 0.009792795053535475 0.005776850735081372 0.005513911860902443
29 0.0016709126414053976 0.008790402273551212 0.003772127768203557 0.003379189131044402
30 0.000568207574361157 0.007182028778430993 0.002717729293841078 0.0023636504703348216
31 0.0006909382842512635 0.0061059141213140045 0.0027956651868812268 0.002750779504687717
32 0.00026478073997937557 0.0053509087873568895 0.002153814526836673 0.002008226456139628
33 0.0002427589953808429 0.0046479546559017315 0.0014153620197349247 0.0012387605584849304
34 0.00011687851775876723 0.00245022025205488 0.0009147762457253883 0.0007949583184978515
35 0.00012318183628368118 0.0022626290503819924 0.0008526597370087252 0.0007852035110826883
36 7.34124203316533e-05 0.002293915748368125 0.0008045271697948486 0.0007433450748135506
37 8.935767273188233e-05 0.0017397030231802724 0.0005349250586122345 0.0004338993788306489
38 8.781540042379632e-05 0.0010169349482720413 0.0003405530658536371 0.00026467285638931415
39 2.919668780920759e-05 0.0007952444701229133 0.0002532508512473619 0.0002321716578941313
40 4.9220877432976096e-05 0.000554327330938964 0.0001967226456772586 0.00015788765511581815
41 2.9167543399655216e-05 0.0004048184429810142 0.00015351591245304163 0.00014100653552562292
42 1.725374588845696e-05 0.00042456285647007874 0.00014981831368119814 0.00014575459479582165
43 2.0100368136599656e-05 0.00022474593284771416 9.853971359058633e-05 8.912075472489178e-05
44 1.1310151795118628e-05 0.00020129341692909364 7.201710962936758e-05 6.37628860844508e-05
45 7.653995208745101e-06 0.00017030298387554765 6.223101248510332e-05 6.0063336051019434e-05
46 7.483377331585217e-06 0.00013083557226822862 5.327139168000983e-05 5.1787603207120725e-05
47 1.0901738033641806e-05 0.00010693246087045694 4.051340617140298e-05 3.8097646019696896e-05
48 1.90012180611987e-06 8.348449862838336e-05 2.8321536789359668e-05 2.735446454460444e-05
49 4.0720611100830695e-06 6.751041008401515e-05 2.1282981748935725e-05 1.9447289656415734e-05
50 2.075609125018474e-06 4.7833121012974544e-05 1.3733215568390023e-05 1.0509008621983895e-05
51 1.3265114167104741e-06 4.718599404229806e-05 8.596745757980528e-06 7.036336438392965e-06
52 7.389300908933194e-07 3.196463095678226e-05 7.580215420777137e-06 7.018064526409518e-06
53 1.053999835409769e-06 2.144796594949483e-05 6.625609281361022e-06 5.995657375468255e-06
54 1.1219754232349999e-06 1.409095615700906e-05 5.042510211392681e-06 4.473710616625937e-06
55 3.8180157391209946e-07 1.2201832874314533e-05 3.1795663904965467e-06 2.736269117509238e-06
56 5.530161577560477e-07 8.38840555461573e-06 2.3959166476750227e-06 1.9215439537312307e-06
57 2.1369961844541763e-07 6.649429721949929e-06 2.1878014182341588e-06 1.8801649432909073e-06
58 4.049320385668409e-07 5.515662266919463e-06 1.9547152514398647e-06 1.8029050630197219e-06
59 3.494430669270798e-07 3.300672407835492e-06 1.4875438572481414e-06 1.4050987098279677e-06
60 2.789269442082798e-07 3.65670633017956e-06 9.204440021370885e-07 7.877462313565786e-07
61 2.2106496944118703e-07 3.693670415305661e-06 7.046442839531153e-07 6.008642761123895e-07
62 1.7435025201351095e-07 1.2931912007907442e-06 6.385453817081554e-07 6.285365103941842e-07
63 1.2610359023668138e-07 1.2268691667038922e-06 4.804648617628971e-07 4.4365896600950805e-07
64 9.870021644431404e-08 1.4874433031941692e-06 3.6746926157960047e-07 3.024890316005724e-07
65 7.882459174268774e-08 1.1217374979999306e-06 2.8527590986371363e-07 2.3990990039024496e-07
66 4.358100413881516e-08 5.41075899196386e-07 1.918837558001485e-07 1.690723796521354e-07
67 6.810406905088939e-09 6.571027211244029e-07 1.5810422029360894e-07 1.362051542663778e-07
68 3.616012778095978e-08 4.678047287320908e-07 1.381379300902097e-07 1.232313260324247e-07
69 3.967521466918811e-08 3.141648794446894e-07 1.2335551341280393e-07 1.1055635384948914e-07
70 4.990113655622963e-09 2.4337849469091566e-07 8.085066697915977e-08 6.586354084348045e-08
71 2.373629159890811e-08 1.7061403001505937e-07 6.103040499638723e-08 5.249092760450935e-08
72 1.06845066127903e-09 1.9777190063408057e-07 4.766748434192891e-08 4.6033509892851043e-08
73 8.486822355990853e-09 1.5242449125096869e-07 4.8600441839852235e-08 4.264305575318872e-08
74 9.207635986996365e-09 1.0876273082160992e-07 3.7831952806044456e-08 3.366768774881734e-08
75 6.793719808939613e-09 7.384684197475622e-08 2.7846077355064834e-08 2.4812497390058752e-08
76 3.0460758360106865e-09 4.651063933991395e-08 1.989577635086448e-08 1.798850002288077e-08
77 2.071818716586904e-09 3.916151003480195e-08 1.4194680435508645e-08 1.2432030960241036e-08
78 1.2757479517233605e-09 3.137470416803012e-08 1.0030274903982672e-08 9.145410206912175e-09
79 6.59575949413238e-10 1.934905258238473e-08 7.1464808648613595e-09 6.702999488794603e-09
80 6.401461583038781e-10 1.6669293945170693e-08 4.7188630070138515e-09 3.9800363005326744e-09
81 2.2503643393179118e-10 1.753158018757972e-08 3.465425510995601e-09 2.7095521382136667e-09
82 5.011036030566629e-10 1.325348408798277e-08 2.6674347175514868e-09 2.0944903589281694e-09
83 3.047806451661472e-10 9.918505572414915e-09 1.976971564232599e-09 1.4986860641386102e-09
84 3.0222624403108966e-10 5.0445625454642595e-09 1.3396921438868503e-09 1.1471965599696432e-09
85 1.768616364472564e-10 4.942102282967653e-09 1.0666057725927659e-09 8.60364668398006e-10
86 1.3264100928722655e-10 4.285020782646143e-09 8.051881117410175e-10 5.450062623424401e-10
87 5.087175125595422e-11 3.3273939159528254e-09 5.44021379056403e-10 4.1568926079094126e-10
88 3.43765016452835e-11 1.5056902391563654e-09 3.606917609033644e-10 2.975029111951244e-10
89 4.8892889736862344e-11 1.0969434249830101e-09 2.912623209283538e-10 2.0832269242987422e-10
90 2.3490986933438762e-11 1.3023826461733279e-09 2.4163492540196784e-10 1.6092238652731794e-10
91 2.1377122294552464e-11 8.282303731732554e-10 1.6357111221054766e-10 1.315076936236892e-10
92 1.425393136855746e-11 3.804427883835615e-10 9.934302269698492e-11 7.677458668808868e-11
93 1.043121145016812e-11 4.251821117406962e-10 9.642112885899223e-11 6.453548806462095e-11
94 2.4837909506914002e-12 5.484968035318616e-10 6.907869831707103e-11 4.191891278537696e-11
95 4.139355525012434e-12 4.2129544297608845e-10 5.183361295735267e-11 3.319344799024293e-11
96 3.787636870811184e-12 2.3327517695292954e-10 3.987254970638787e-11 2.994982040149807e-11
97 4.832134692378531e-12 1.8778978372324673e-10 3.2347688971867685e-11 2.4004354060025435e-11
98 2.1462831512053526e-12 1.500350954586338e-10 2.0805881462138132e-11 1.3713918889379784e-11
99 1.5991652446700755e-12 1.0064526989594924e-10 1.5050201085387016e-11 1.0187850563170286e-11
0 1.2487012333738972 6.3884206537814165 4.063382397961307 4.051735886966309
1 0.23010281301564506 5.708643062128175 2.7451033859143115 2.4998121496505115
2 0.45483236243307035 4.982141292532919 2.93285808104757 3.049979143479748
3 0.37623881949621607 5.223067446953056 2.8580220919148154 2.922968972739055
4 0.15782956613411914 4.747256833682663 1.979565572015048 1.9428518930086693
5 0.0649335099726156 3.775858315207128 1.362685001892925 1.1716745456797164
6 0.1759194285489447 3.1226203309982314 1.1333307683424279 1.0246375661985376
7 0.1440030966881385 3.6106563003877814 0.9636646358584398 0.7600275220614372
8 0.038026719703012635 3.243413891531802 0.6947062983548344 0.5532993987270651
9 0.12257744562378337 1.8677031959590917 0.553359970418141 0.46369604080380045
10 0.014794633597102536 0.8699926371293043 0.2849107284840917 0.23904387155100126
11 0.015505684540987108 1.5435250203842874 0.251180228137599 0.20267576782909247
12 0.03211617319724569 1.7636106041647044 0.295406830980578 0.26548306684986267
13 0.0199630317508519 0.6286614027814328 0.2547338834091221 0.24257163011133054
14 0.02032361630024271 0.4886613775880808 0.1215729898006474 0.10766504870264848
15 0.008016893144642712 0.49935718500658455 0.07140865137956626 0.05860031002975541
16 0.01055676021855989 0.268269443339197 0.08055911506444906 0.0751796152168791
17 0.010637441731028208 0.2244027335114933 0.07164567319834114 0.06243723933242018
18 0.004297482085175108 0.09350286655963957 0.03437684986796851 0.029368009977901455
19 0.00600420413860947 0.10756592039937063 0.025854684722805228 0.02246125807114341
20 0.007347740050640983 0.12678432344987245 0.034117608846707254 0.033310497467776035
21 0.004063447521876373 0.10031752982115139 0.03026456174358513 0.027297800729430666
22 0.004713142153033534 0.06468916744252029 0.021665991228368053 0.019712887871208284
23 0.002035170735194658 0.03250925083599698 0.009608008964951313 0.007666551115859566
24 0.0019620873566883468 0.030315659737365497 0.009986868493381405 0.009489169366354577
25 0.0019590391706043597 0.029863212806671147 0.010931030362114189 0.010682157432356565
26 0.0019461299021910072 0.020916245246831 0.009005446606203994 0.008221268247039948
27 0.002257386175614773 0.016723503376539828 0.006271503079386722 0.0057055398714997985
28 0.0019598046385600476 0.011143206381750037 0.00405246177081823 0.0035561832730270915
29 0.0017666347843889874 0.0065544974268658684 0.0029212872113204644 0.002605577201008291
30 0.0015787135681049058 0.007484253707684463 0.002400996130429309 0.0022012936048843024
31 0.0014190849877135925 0.005681550954542036 0.0020877912148090693 0.0019388382117431213
32 0.0011933295345163408 0.003038134166211126 0.0017401246192999585 0.0016586744884148352
33 0.0009801547980328174 0.0020925559215041467 0.0014382708266968613 0.0014219131679440444
34 0.0008309909247121716 0.002415184582478691 0.001289133940396443 0.0012667948691871267
35 0.0007588125141038127 0.0024228953095222217 0.0010622265489230464 0.0010107649143340502
36 0.0006307286153348635 0.001980828316757499 0.0008379021832936396 0.0008112461941149895
37 0.0005204838105190568 0.00128631882036645 0.0006931027661041789 0.000682960844715641
38 0.0004933100967048354 0.0007518934496073548 0.0006122182959495071 0.0006119495041514433
39 0.00039811070249529124 0.001067099625370549 0.0005378108553271055 0.0005276712143751361
40 0.00030228108767049733 0.001245155849446622 0.000485761313127302 0.00047570396900953327
41 0.00025584260688704674 0.0007025324592118132 0.0003908007950207981 0.0003890920102826989
42 0.00018330976698566204 0.0004461331843548244 0.00029810247259975497 0.00029524893419408116
43 0.00012643342220686193 0.0003801034773620593 0.00023409687478133988 0.00022829358002107725
44 0.00010035130275243276 0.0003059508335465644 0.0001610673992907685 0.00015223161798916252
45 5.966905651222376e-05 0.0002284467166586701 0.0001095728904903659 0.0001050791994541278
46 4.319038400213415e-05 0.00012888822740864114 7.83510631095119e-05 7.462800075908049e-05
47 5.285908769936398e-05 0.00013882862802150342 7.461096394363764e-05 7.170022686553423e-05
48 4.9580278389971255e-05 0.00013447047082282282 7.21605817611426e-05 7.07757991080804e-05
49 4.701760604008953e-05 0.0001069892053213728 6.847098849361189e-05 6.756318560308117e-05
50 4.2830149255213e-05 9.503052722381611e-05 6.004784606178148e-05 5.8742461261918066e-05
51 3.2667970220945364e-05 7.602227425040908e-05 4.874394030052187e-05 4.675871577974888e-05
52 3.1435115460443086e-05 5.8226156799623396e-05 4.118598787774985e-05 4.0192529676463806e-05
53 2.8832210315687945e-05 4.9483098454761176e-05 3.54385086642317e-05 3.4216458447478004e-05
54 2.843019647658096e-05 4.715349294004412e-05 3.27797072794489e-05 3.2004414262321035e-05
55 2.7457094653460246e-05 4.222239921647386e-05 3.097176651644773e-05 3.061602033094246e-05
56 2.5937036270295977e-05 3.5051292929910716e-05 2.9344040619978527e-05 2.9208238555344934e-05
57 2.459545269717367e-05 3.0716471400626943e-05 2.7577634436521948e-05 2.734188192166087e-05
58 2.2442124713695222e-05 2.9930771856090388e-05 2.5490005402186712e-05 2.5166571341106447e-05
59 2.1846483104770442e-05 2.7288867553654228e-05 2.3994823277231348e-05 2.3853453035460603e-05
60 2.1164310137766762e-05 2.5874395430225405e-05 2.2636919852292438e-05 2.2563593029989448e-05
61 2.067105658598578e-05 2.3679918890184837e-05 2.2083831347234907e-05 2.2014385486546217e-05
62 2.033923197375387e-05 2.3172928394377124e-05 2.1335006286751225e-05 2.1299668599983335e-05
63 1.9700604916739195e-05 2.2713019621978248e-05 2.0659696928948535e-05 2.0594263635320686e-05
64 1.924855399737524e-05 2.171004499063045e-05 2.0006709270656843e-05 1.9956043504354426e-05
65 1.874976032611997e-05 2.0693900947055255e-05 1.9444462949369522e-05 1.940092880881039e-05
66 1.832488751363215e-05 1.9870482646400234e-05 1.9011873292047453e-05 1.901167662987646e-05
67 1.8070445357398768e-05 1.960545821377835e-05 1.861934151778044e-05 1.8559136871321158e-05
68 1.7804572678858932e-05 1.9380121014211937e-05 1.820594321193525e-05 1.8156053469997602e-05
69 1.7542055584574e-05 1.8746036687833367e-05 1.788962120896187e-05 1.786579536267041e-05
70 1.726259638035188e-05 1.8270796978914206e-05 1.7628348236637946e-05 1.7614432917145706e-05
71 1.6969437940606014e-05 1.7674646230592117e-05 1.7357307581011838e-05 1.7357744230839245e-05
72 1.680982626028893e-05 1.7496293886143377e-05 1.7131394046021597e-05 1.7123452137557393e-05
73 1.650033878819457e-05 1.724829187255139e-05 1.6893226558583054e-05 1.6875738252597472e-05
74 1.6335040708970183e-05 1.719255150378629e-05 1.6625140663979465e-05 1.6602378967167652e-05
75 1.6140440536549505e-05 1.6833766377732928e-05 1.637451070179097e-05 1.635884588369052e-05
76 1.598272846736748e-05 1.6551613299942147e-05 1.6184957317886272e-05 1.6173823429443956e-05
77 1.5785571598758708e-05 1.627253408331697e-05 1.6008682107209183e-05 1.6007033531995063e-05
78 1.5591946841642113e-05 1.604142547551035e-05 1.5848755210203792e-05 1.5839112137872036e-05
79 1.549524968824656e-05 1.5975298012893546e-05 1.567072684478532e-05 1.5665524161878608e-05
80 1.5354711834891788e-05 1.571417723811308e-05 1.5503369499985097e-05 1.5493174963854273e-05
81 1.525944344793473e-05 1.561693651952467e-05 1.539836828099439e-05 1.53887485727644e-05
82 1.5196468190925572e-05 1.5544674849099493e-05 1.5304209098321307e-05 1.5295694077099853e-05
83 1.5098859361462047e-05 1.540037193636934e-05 1.5215910330734772e-05 1.5208998288773756e-05
84 1.5032316757146447e-05 1.5281473445316607e-05 1.512758954893556e-05 1.5123913723602556e-05
85 1.4922974138631417e-05 1.5225911262906067e-05 1.5050053617304827e-05 1.504534471452601e-05
86 1.4850099141927586e-05 1.5055826733334499e-05 1.4972484464852443e-05 1.497200661981779e-05
87 1.4805829771535883e-05 1.5017473217415755e-05 1.4888808679973665e-05 1.4883805722565313e-05
88 1.4733255359278274e-05 1.4946951857996993e-05 1.4816298677704509e-05 1.4810913207430332e-05
89 1.4685169962280753e-05 1.4899616850971853e-05 1.475520739274927e-05 1.4746276294719252e-05
90 1.4637958042573729e-05 1.4832649164464584e-05 1.4697458671566465e-05 1.4691073639827579e-05
91 1.4581165345806113e-05 1.4786579136671918e-05 1.4653570702325425e-05 1.4649561725921245e-05
92 1.4552016328384099e-05 1.4698677258895287e-05 1.460558473985074e-05 1.4601742562181386e-05
93 1.4508917360434026e-05 1.4648198860545136e-05 1.4559762903001427e-05 1.4554690818346927e-05
94 1.4494383887342366e-05 1.4625241064880612e-05 1.4527922398759329e-05 1.4524469424959108e-05
95 1.4474229395933236e-05 1.4542128266459287e-05 1.449909352372103e-05 1.4496155707366398e-05
96 1.4447047473442609e-05 1.4527408233266925e-05 1.4480241608030298e-05 1.4478371527903988e-05
97 1.4438920509451947e-05 1.4506771055966539e-05 1.4466282792842122e-05 1.446584719255739e-05
98 1.442265482554106e-05 1.4469759463953125e-05 1.4450641448551238e-05 1.4450274994803891e-05
99 1.4409225272959958e-05 1.4460557661966078e-05 1.443253814658263e-05 1.4432908587824755e-05
0 0.6031551080191346 6.902629203284826 4.2550016752723865 4.20381389789852
1 0.9655586971759686 5.504705277146151 3.3250368523766998 3.3589238990966863
2 0.5516321362725276 5.521834989027468 3.441249980819073 3.4136601752172298
3 0.668271477292834 5.7090025912510285 3.2618150216229402 3.2216855627228935
4 0.24001927000781054 5.46898787996448 2.152915809206465 2.1116050623248044
5 0.2733764946806798 4.057477069371689 1.583758115328186 1.440216773316394
6 0.3305641783201243 3.3663499562185497 1.5831161298555607 1.4634384543193382
7 0.23975437963818225 3.7812013273593448 1.414913505821792 1.3332441132026926
8 0.10247781772643139 3.7219856179590214 1.0597479927592341 0.8314030895712841
9 0.07357140379474147 2.1543990498142205 0.5753283739851563 0.4918456974321441
10 0.04975683107724693 1.9613601250261543 0.3894138341429203 0.2998913458597987
11 0.03214918125544175 1.3609626752211637 0.2890598300733856 0.20696407110548742
12 0.01770861782577926 0.8620896125253172 0.1767787071985902 0.13831456703901468
13 0.009384601244605495 0.5074860099514251 0.10750890990503029 0.08489078566444563
14 0.00534384609504146 0.5100281744849586 0.07998071622545497 0.055858099342153356
15 0.003968678047311602 0.4582476725798945 0.054757957334643684 0.037187526472078236
16 0.006423091983958518 0.17465683670760201 0.035910718504979525 0.02789905473994425
17 0.003941276866172405 0.10049821763595235 0.027664928174411525 0.024325967367559986
18 0.004647696857472017 0.12825634486938187 0.026294653552040206 0.020937703830619103
19 0.002702079812298752 0.052008364943319396 0.015618987802773977 0.013388710033444884
20 0.0024168453832094094 0.025656260166098566 0.012795842365358058 0.0122235006500504
21 0.00374160524445033 0.041127650986358066 0.016232636260071463 0.01605253018345154
22 0.0011720261315351088 0.03311238133077099 0.015532679050514897 0.015328456992348638
23 0.0015549451478880094 0.028851247070989405 0.011068387697912262 0.010431016130633797
24 0.0007885160395066926 0.01866210513390998 0.0049736203283334566 0.004125815906391939
25 0.00011450173152072196 0.012000102642162336 0.004258729153476412 0.003759800935436264
26 0.0006685137009836417 0.011331605584065318 0.004808800067840462 0.0046198794456207
27 0.0008373665476431036 0.011241127975676779 0.0040700906942404734 0.00382259707275745
28 0.0003321582131232681 0.009810119745143897 0.002664108960158824 0.002436752841501022
29 0.0002933379828111704 0.00833702966926042 0.0014634363358965708 0.0012013966320076896
30 0.0003308610879426688 0.0052353205282149595 0.0014346781767118522 0.0012935454567100102
31 0.0001741020658170278 0.004511916555032247 0.0014467381396366542 0.0013303150494317073
32 0.0002085888378080547 0.0033357306602366243 0.000989996095447072 0.000892422162799722
33 9.898366124305724e-05 0.0018311354094397991 0.0006345812764032566 0.0006049137204624522
34 5.9566568783697704e-05 0.0022446224211738475 0.0004515091666575266 0.00036887559619325216
35 5.2198990588170346e-05 0.001763127848878998 0.000376309745179082 0.0003131437089245459
36 6.762281571015549e-05 0.0019010757232469366 0.0002998720186580961 0.00025444942553543015
37 6.533339149372708e-05 0.0012707678419379143 0.0002188767467199959 0.0001709268519225482
38 8.685608623881791e-06 0.0005063342470106313 0.0001379387700232293 0.00010486188169389621
39 1.3753952249562218e-05 0.0006716543538485276 0.00013540669921825456 0.0001220674239434949
40 1.0305858535009094e-05 0.0008629933845303306 0.00013895672846695462 0.00012493871236474163
41 2.4466800053080107e-05 0.0004679606802935332 0.00010862168665520144 9.860987225218665e-05
42 6.293937343304634e-06 0.00021077799675639497 5.156553509403139e-05 4.29729586106653e-05
43 4.1986741163846375e-06 0.00012694391024625773 4.518852133182705e-05 4.0428688408145064e-05
44 4.6032250193839275e-06 0.00024831534484492934 6.013385024390416e-05 5.5603994419062275e-05
45 8.430619349741875e-06 0.00018700810452232375 5.399867653894219e-05 4.793316799522884e-05
46 4.68769754791154e-06 9.255733317958814e-05 3.5765964462068925e-05 3.24346969837741e-05
47 2.338588388273166e-06 7.45815468374822e-05 1.9281202357017692e-05 1.619529729923741e-05
48 4.258254027167396e-06 0.00011531210183024498 1.836014889081028e-05 1.4914135914256832e-05
49 2.0652032017842714e-06 5.183860351154479e-05 1.666750144282858e-05 1.3983756384394752e-05
50 1.8393599572341657e-06 3.719520903944229e-05 1.241016858186228e-05 1.0924108437837532e-05
51 2.9155090399690664e-06 3.515812302312682e-05 9.137610758838121e-06 8.361119491429037e-06
52 7.473755094800083e-07 3.72600997242678e-05 5.833477818750765e-06 4.80553195147948e-06
53 2.575776645308281e-07 3.2419506617475946e-05 4.831840838352974e-06 3.957368978735332e-06
54 6.372959302503034e-07 2.7019248041160182e-05 3.925517042038251e-06 3.02005136676442e-06
55 5.010967325524973e-07 9.621712852680986e-06 2.684085468924735e-06 2.2214905279760444e-06
56 4.762829886040265e-07 6.2716464701573216e-06 1.9669863148941145e-06 1.7780675354295283e-06
57 2.9421038094668006e-07 6.1562512425616944e-06 1.3707173381938277e-06 1.1548595346688728e-06
58 6.567811938751333e-08 4.522420379959868e-06 9.545408567213088e-07 7.137521156330706e-07
59 1.3323627756633982e-07 2.514561164179696e-06 6.924207433023355e-07 5.364366750804095e-07
60 4.399613162675564e-08 2.7774923343493185e-06 5.970653477227472e-07 5.181129059117495e-07
61 5.0785257332819356e-08 1.6173691261833767e-06 5.67267129536475e-07 4.941264770685905e-07
62 1.124386561635049e-07 1.7221802548483822e-06 4.85815479809304e-07 4.0207607421294256e-07
63 2.6784679807434486e-08 1.1385176930112095e-06 2.5104359755445673e-07 2.2145246036942012e-07
64 3.9742904522910294e-08 7.605941019228624e-07 2.328347538060882e-07 2.1568115871062332e-07
65 4.0091240993689325e-08 1.186088532723062e-06 2.833689182857313e-07 2.4912037277502463e-07
66 3.3584278913423304e-08 1.3316892162329452e-06 2.5376236193253023e-07 2.3236129154113883e-07
67 3.169621054510685e-08 6.15775050949452e-07 1.6743778337158232e-07 1.5166709177449889e-07
68 7.92455567832917e-09 2.978779360951478e-07 8.307559143716503e-08 6.280097197830514e-08
69 1.8629660036850737e-08 5.603380945906622e-07 8.470385415293435e-08 7.711620364503347e-08
70 8.448467259114523e-09 4.6264553477115555e-07 7.192548208578842e-08 6.535965413334566e-08
71 3.158046713025442e-09 3.627937599226527e-07 5.0853298976250015e-08 3.8822330683530026e-08
72 1.4934848469039252e-08 2.521942730204785e-07 4.652225589651948e-08 3.867027986714788e-08
73 1.4041245055551599e-08 1.8997357686956207e-07 4.432526525377512e-08 3.825032424131791e-08
74 5.7852749257847336e-09 9.078646856508499e-08 3.531069586060198e-08 3.2415865991453074e-08
75 3.818279470380048e-09 9.253917498952546e-08 2.212070844720415e-08 1.8462767759075405e-08
76 2.195659210002532e-09 1.0531919913958632e-07 1.5035940439389607e-08 1.1540873590121237e-08
77 2.4114510388528743e-09 7.131242130142823e-08 1.2037897842986923e-08 8.173268728484118e-09
78 2.6611179926305795e-09 5.2593311483661864e-08 8.221013825249201e-09 5.567987404475616e-09
79 2.142912070013381e-09 3.202536236202036e-08 6.339645448605324e-09 4.885591042835813e-09
80 2.4912485407924123e-09 3.769953993426611e-08 5.5602060378134865e-09 4.312058710098654e-09
81 1.3824608124934912e-09 1.1667620203326123e-08 4.052554753997128e-09 3.4644469515399123e-09
82 1.3361831641134359e-09 1.0715627940527384e-08 3.450213039712935e-09 3.012822435977114e-09
83 1.3367480455883651e-09 1.4456990715672191e-08 2.821857361112734e-09 2.5008497495093707e-09
84 8.591318767514622e-10 1.0520122106782992e-08 2.2028761570425104e-09 1.8573769189345057e-09
85 4.5090375877521183e-10 5.085816656702491e-09 1.598245003009424e-09 1.3991887648501233e-09
86 4.781850471147209e-10 4.71555994252526e-09 1.1802544541694714e-09 1.0560072816190313e-09
87 3.6464387065393566e-10 3.619512245478518e-09 9.21369878170708e-10 8.098610670970174e-10
88 5.5717652713838106e-11 1.936083737774652e-09 4.66669103360573e-10 3.960587413587291e-10
89 5.508882239269042e-11 1.915993141921035e-09 3.879142518314893e-10 3.2850744347001637e-10
90 5.107425593564585e-11 2.0484915985719e-09 2.961496825548693e-10 2.4971003043106066e-10
91 6.923572826167401e-11 7.792455569699541e-10 2.3834756390783696e-10 2.1615287337795053e-10
92 9.528822175752794e-12 7.442122473833024e-10 2.2074049255138562e-10 1.9844259568913003e-10
93 5.361799892966701e-11 1.0620877510802984e-09 1.6440557359942432e-10 1.4233991763035192e-10
94 2.850741864790507e-11 7.029368198629982e-10 1.0916460624343926e-10 8.632783377038322e-11
95 1.928812665141777e-11 3.50017348438314e-10 9.642812770493947e-11 8.426903619351833e-11
96 3.090550038109541e-11 1.7892931580831828e-10 8.14631029300017e-11 7.610490015963478e-11
97 6.66888766431839e-12 3.1270319666987234e-10 5.056781660073284e-11 4.135403131044768e-11
98 3.517630631222346e-12 2.2506485564122158e-10 4.049782731385676e-11 3.3514968578174376e-11
99 8.139711127341798e-12 1.6236656463775034e-10 4.004464315698897e-11 3.617239840991715e-11
0 1.0312889283596154 7.287579004541207 4.2321961140061575 4.159393510412951
1 1.9785046481320205 6.084125975642063 3.3920324873620658 3.1061111854628156
2 0.6710632256799909 6.326133672529302 3.4190443187075283 3.2703629481606726
3 1.4688868242224449 6.182696634678994 3.6199953201708532 3.5474914223573575
4 0.8003374126952996 5.5182069656287815 3.114126431839505 2.8782055191572735
5 0.5881865395285932 4.724966739627053 2.482108657510288 2.5270251043977248
6 0.18309073371613893 3.5807848730394203 1.7523397403538883 1.698419613486609
7 0.34988452625640365 3.5553831545273593 1.5510796042110728 1.5023451950536644
8 0.19016953729440944 2.978442557995376 1.3472095594453846 1.2240967743176747
9 0.19246833231681082 3.1574757566864347 1.0122343259130024 0.8782216427937866
10 0.06879207533683429 2.522270839819275 0.6492473182652374 0.4278265488504318
11 0.0749613360577368 1.4990144643680208 0.35922237056518636 0.2692566700962371
12 0.029064047677085814 0.7788029614319858 0.22241262664809058 0.1845806821678999
13 0.022666954777218695 0.7398697824826859 0.1416990155926784 0.10732096130674451
14 0.02189401448005812 0.5642940608155311 0.10278020357173209 0.0779014200332413
15 0.011841767769116718 0.41368152647415757 0.08035496578428314 0.06757209908713913
16 0.01365969406326828 0.23129001997593734 0.05844696594892332 0.046628463860943103
17 0.009316167507887219 0.18800513510398575 0.04181315153323156 0.03443797870238585
18 0.0027433559496015114 0.17861349411083838 0.03410161977798884 0.029002008484952047
19 0.004001008169450149 0.1733783305921901 0.022996593544973135 0.017443574917516802
20 0.002702569027786428 0.0777613464008593 0.013492723044153703 0.00998511358589882
21 0.0015083327179969963 0.0659166506954354 0.009939148225560803 0.00794676262842886
22 0.0015034147444166202 0.06805847435144274 0.008173436109838068 0.005815501233544129
23 0.0006989451394585622 0.07338215805530313 0.0067694871252596475 0.004435402449847192
24 0.0010402744002289133 0.02042556791724026 0.004954533806537764 0.0041326109570136715
25 0.000502222145183584 0.00969989914917635 0.0034340995143547024 0.0029564368868730817
26 0.0003464004265052445 0.017304865953367443 0.0025367441073927033 0.0018484796103011014
27 0.00022427882020936707 0.01085044552987613 0.0020200378939170174 0.0016762457958230392
28 0.00026198060052040617 0.003917542209781022 0.001386671360169327 0.0011879763893518636
29 0.00012403706993469044 0.006150355672776886 0.0009566735624607681 0.0006939334049200774
30 0.00013052019656045744 0.0032695529595234696 0.0007658619532672084 0.0006201393831539725
31 7.963756813156309e-05 0.0018953511319996785 0.0006573420495255356 0.0005567393042213986
32 0.0001061308449483711 0.002455481941141091 0.000564154428861503 0.00046749863291362104
33 0.00015112853469334553 0.0015587617217467375 0.0004265102554471234 0.00037451571624069757
34 5.256716228574376e-05 0.0013768524323904963 0.0003135206617234054 0.00026679089105785536
35 2.3166918076800158e-05 0.0007448081778247406 0.00023780211634361948 0.0002067670822669676
36 3.137588104040745e-05 0.0006022373059022534 0.00016846673069052188 0.00014477124041833989
37 3.8162619454329416e-05 0.0005985454264600953 0.0001507068147928159 0.00013825759339036736
38 2.4234757866725687e-05 0.00041599330513664157 0.0001307859628123431 0.00012171737712529662
39 2.4747452446849394e-05 0.0003734185089112607 9.785778325111849e-05 9.270922904258683e-05
40 2.5190073739356222e-05 0.00026801540637722 6.939582228378427e-05 6.042363367031456e-05
41 7.73775016016387e-06 0.00011849323427215452 4.5761019431456164e-05 3.908675850761156e-05
42 1.1273014987711605e-05 0.0001338886723130095 4.404670649689635e-05 4.1337336626146026e-05
43 4.51687119396027e-06 0.00013427354810291448 4.299213007596947e-05 4.0478271400079535e-05
44 6.500316605428935e-06 9.52611084810151e-05 3.6225812165628925e-05 3.447317592319976e-05
45 5.3952164660309165e-06 5.935047739358268e-05 2.0843050805847695e-05 1.8040489214943278e-05
46 4.119202327235172e-06 4.16736931794226e-05 1.2312270849168528e-05 1.064966696739944e-05
47 3.3710061910774414e-06 4.278286829562106e-05 1.3035129384260102e-05 1.1822157766960828e-05
48 1.395895680378345e-06 3.546289097089428e-05 1.1409822794963276e-05 1.0717855888575656e-05
49 1.6562901774541672e-06 2.4981202397800217e-05 7.5672583454355904e-06 6.864058475830603e-06
50 1.5263882038318854e-06 2.0454757465149243e-05 5.101067464163833e-06 4.182875754654702e-06
51 7.777381765272651e-07 1.278248509750668e-05 3.7069321628457887e-06 3.1387929646520263e-06
52 6.349179817455308e-07 1.0741655803503392e-05 3.387887175332338e-06 3.0488248303761623e-06
53 4.632558199268999e-07 6.827420314881039e-06 2.997361419350142e-06 2.8146025532471697e-06
54 8.525774117806861e-07 5.167889618906685e-06 2.110191289883545e-06 2.002351113805645e-06
55 3.7534595564991946e-07 4.248136403095515e-06 1.5408152093066007e-06 1.4276939510615705e-06
56 5.931126776381745e-07 4.027149512086936e-06 1.2447959663752783e-06 1.1177526109129587e-06
57 4.678761311716073e-07 2.3517760650015873e-06 9.99160358343687e-07 9.503883835471072e-07
58 2.921658190935261e-07 1.4221310355999606e-06 7.156807543928779e-07 6.750272167899141e-07
59 1.1336552363516716e-07 1.3822113769101918e-06 5.556941672857362e-07 5.177803878986253e-07
60 1.1672885635860553e-07 1.3417364610468496e-06 4.616202257956559e-07 4.255045138457092e-07
61 1.1322912785161066e-07 7.900625260681693e-07 3.4951015750905865e-07 3.4605816034982695e-07
62 6.917371964121344e-08 5.145696637676167e-07 2.4794370689917855e-07 2.370239227111881e-07
63 4.263457542563742e-08 4.1147544793673774e-07 2.145414403109669e-07 2.0627313412902026e-07
64 7.103883392645116e-08 4.5520929292663936e-07 1.8714380052742287e-07 1.805413138988854e-07
65 3.910662771389184e-08 4.0839897197386676e-07 1.5138007734449842e-07 1.4017165961277556e-07
66 4.228511274462221e-08 3.2750814371595993e-07 1.2165332210045677e-07 1.123097672639517e-07
67 1.2940941207517653e-08 2.388168991451778e-07 6.667635551238504e-08 5.3278851996907406e-08
68 2.3201366605718476e-08 1.367265025642439e-07 5.9116047967933126e-08 5.2348776424793186e-08
69 2.267954402057626e-08 1.2319173992025867e-07 5.5628956001640975e-08 5.0163718956497405e-08
70 1.9960794350737388e-08 1.1789153520069817e-07 4.802123799052538e-08 4.2945501821378684e-08
71 1.673792882073144e-08 9.575060433419935e-08 3.941281319086443e-08 3.633313427897633e-08
72 8.993563671566562e-09 6.556976162030992e-08 2.644398760409672e-08 2.5467386866040442e-08
73 4.0880689944344795e-09 3.5648227925122455e-08 1.63521424489943e-08 1.512068203979311e-08
74 2.0124741872962204e-09 3.130741221823996e-08 1.4585498941954711e-08 1.497910462333607e-08
75 3.8045446792978055e-09 3.844085982862566e-08 1.4592423251968967e-08 1.4140243198568214e-08
76 3.648392254973487e-09 2.8057265399894504e-08 1.330629283202711e-08 1.3030432288729799e-08
77 1.1754122120066768e-09 2.121802866739131e-08 1.1244845037339247e-08 1.0639734870920847e-08
78 3.2375990777211427e-09 1.992077658385938e-08 9.23651283457616e-09 9.176173154656908e-09
79 8.075606849899941e-10 1.2574681296229073e-08 4.536399327292884e-09 3.822690164412279e-09
80 1.0683476325823449e-09 1.1248950659847878e-08 4.376539930461832e-09 4.113298590624481e-09
81 8.543286078577239e-10 1.1209590145000448e-08 4.980485375227772e-09 4.981299372985859e-09
82 1.1519500908718783e-09 9.167810066657012e-09 4.79417204601873e-09 4.70667460561458e-09
83 3.0722846489084077e-10 7.127554102481781e-09 2.387409683279884e-09 1.9718027211013123e-09
84 4.88903584283662e-10 5.487919896296489e-09 1.988198956581755e-09 1.6219510179382723e-09
85 4.2566883351469187e-10 5.081418397168136e-09 2.121827744616667e-09 2.100927876114156e-09
86 3.32868399510744e-10 5.055153184940764e-09 1.5860287838620479e-09 1.521821335614959e-09
87 2.024340695072624e-10 3.703175099900591e-09 9.608704054642202e-10 7.98000332480342e-10
88 1.8020118730532886e-10 2.5104403000852926e-09 8.34104962876836e-10 7.437415128208613e-10
89 1.010858063921205e-10 2.2835178192792682e-09 7.377633615135437e-10 6.792615359074716e-10
90 9.594502969889618e-11 2.4446724644633377e-09 6.056775880836085e-10 5.258073976222022e-10
91 8.113731908565569e-11 2.3878823363077117e-09 4.224184202428205e-10 3.0723557031819837e-10
92 7.173683869154956e-11 1.3516339159025392e-09 2.7115872214267257e-10 2.279532118620864e-10
93 7.877476448925336e-11 1.01937347452008e-09 3.1856698612386934e-10 2.8790347883500544e-10
94 8.166667342379696e-11 1.0445124765112723e-09 3.148352512027941e-10 2.790909725547408e-10
95 8.33719759896212e-11 8.325149458698888e-10 2.635255746952225e-10 2.356412842630107e-10
96 7.177947125569517e-11 5.565721217237751e-10 1.4587500984930557e-10 1.095501467318627e-10
97 6.171818611733215e-11 3.875624265958777e-10 1.2268801086179338e-10 1.0559775276419714e-10
98 6.894085302633357e-11 5.070579511823325e-10 1.3750435456927336e-10 1.195794574471165e-10
99 6.197753421588459e-11 3.434874606966787e-10 1.2533876159182e-10 1.0948264517196549e-10
