0 2.040579621513697 7.7771864263580515 5.493116256633478 5.802439795517321
1 1.1081441739722426 10.067688242059019 5.3052047563789255 5.372674447382604
2 0.0861816721491171 10.75950438738958 4.883489413532895 4.537670114900358
3 0.0313009157233215 11.800147183435035 2.8368631886367437 2.734490608170971
4 0.0313009157233215 5.875375637769196 0.7702126851879443 0.15092320758740252
5 0.015622328074169634 6.029865839572288 0.4674388444544571 0.08870671417613929
6 0.010954820455616687 5.923503295556284 0.25915675991005904 0.08627334105206552
7 0.008353517870720584 6.0923542287827 0.1342536175606868 0.06598257680322961
8 0.007134562611263551 6.003537616329336 0.25059484497978796 0.03953997882474569
9 0.002850423591795437 6.003010225967913 0.24596119510221884 0.024154254057180413
10 0.002237590145938828 0.14617474644563488 0.023213223603257643 0.016021673900953548
11 0.0004300246564246102 6.013746571975869 0.0763839305236849 0.013838633748342932
12 0.0004300246564246102 5.953419318991418 0.26203285984252117 0.006680579664581021
13 8.259027911750039e-05 6.138302523489948 0.13759971671956409 0.0021079306175750823
14 4.156513503206227e-05 3.7350698843565167 0.07315126790263327 0.0005340216636704476
15 3.5473743758007714e-05 6.089316931156713 0.09304566938047236 0.00019908581017924476
16 2.35853093255578e-05 0.0011280688071875211 0.000183269505127317 0.0001337206463376539
17 1.1126199848110474e-05 3.698618973751849 0.037096261120297756 9.750768646066277e-05
18 4.057850237604299e-06 5.963843799398912 0.1086727114733391 6.076467843962874e-05
19 4.057850237604299e-06 6.0640103412904764 0.0979241041523244 2.6564802367179396e-05
20 3.6820894639966184e-06 2.7257420634436795 0.02727777077115393 1.3112925142610976e-05
21 1.318898612101549e-06 4.798959278362602e-05 1.171159669011601e-05 8.003994180771912e-06
22 8.025584610216185e-07 6.113717083788664 0.17706325035378254 6.4411298450473e-06
23 8.025584610216185e-07 3.7348691875479756 0.03735616565084923 6.157488007918488e-06
24 2.003563719377155e-07 6.139644232410575 0.18326251611702404 5.00498375943792e-06
25 8.998889144962163e-08 5.970155684488287 0.11918336999427902 2.2196795108619938e-06
26 4.371032646943718e-08 6.138923691553266 0.15546541916703946 8.69777960321727e-07
27 4.371032646943718e-08 6.105323942077401 0.12518684814269532 5.368469815358878e-07
28 3.13341854685234e-08 5.735712456589329 0.05735752311334289 2.1119126580870784e-07
29 1.4329867514817352e-08 3.3156606930618264 0.033156851929225885 1.4983647256272548e-07
30 1.4329867514817352e-08 6.134877530037365 0.06134895134137172 1.2479216282557104e-07
31 9.994693517256792e-09 5.99956674203483 0.09636374344420298 1.0449160514625078e-07
32 8.329270162477087e-09 5.922325037073627 0.05922336438683872 9.138501377847774e-08
33 8.329270162477087e-09 4.136687047029408 0.07818513301495984 9.186992011578354e-08
34 8.329270162477087e-09 1.8296139741367452 0.018296234242119045 7.878894381363466e-08
35 7.1765566822534765e-09 5.966663138698312 0.1316143019123172 6.803031604718512e-08
36 6.839784294498941e-09 2.5022585356445615 0.025022660757019092 6.668947927224167e-08
37 6.839784294498941e-09 3.6214754369505973 0.03621483164218839 7.55308300348645e-08
38 6.776183614221054e-09 3.559361451031251 0.03559368740174991 6.384980055784695e-08
39 6.776183614221054e-09 1.7272698518259593 0.01727277165139144 5.98097842363643e-08
40 6.239279759512328e-09 1.280011696042767 0.012800203628673384 6.995929213715613e-08
41 4.4774783880541236e-09 5.946433539668767 0.11431302424408497 7.233986254462366e-08
42 4.4774783880541236e-09 6.024402939639909 0.14458364566082416 6.650642569994147e-08
43 4.4774783880541236e-09 4.285836563686008 0.0428584370804077 4.977504497460927e-08
44 4.4774783880541236e-09 4.396462219614559 0.06990342032148868 4.1825871210932064e-08
45 3.4755527344998427e-09 6.097381611748091 0.16987093772640083 3.8951706304857225e-08
46 3.4755527344998427e-09 5.169487450633465 0.12856617391019146 4.524700836228135e-08
47 3.4755527344998427e-09 3.806379404966347 0.03806385484989407 3.820199490078835e-08
48 3.408019200179524e-09 6.012852677740373 0.09672297323936019 4.75855874704223e-08
49 3.408019200179524e-09 5.957057229335312 0.11707194747224517 5.478936815350721e-08
50 4.060791702897859e-10 4.767500207298305 0.13153344502108089 5.020019822055133e-08
51 3.6442715511952883e-10 6.047187449302452 0.12337491142406039 4.960253408015092e-08
52 3.6442715511952883e-10 2.799517849887057 0.04750029123142456 5.1885665985906826e-08
53 3.6442715511952883e-10 5.94169682703469 0.14494580473392332 5.444246342634074e-08
54 3.6442715511952883e-10 3.30157854336056 0.06518111263623266 5.974565953081878e-08
55 3.6442715511952883e-10 5.9406906010497345 0.08462476078591623 4.591120417174466e-08
56 3.6442715511952883e-10 3.3763488405114117e-07 5.633444986941072e-08 3.857608144031133e-08
57 3.6442715511952883e-10 3.52471579919358 0.03524721193003833 3.875567466948837e-08
58 3.6442715511952883e-10 5.964505240110064 0.15830413523126538 4.7167179051399444e-08
59 3.6442715511952883e-10 5.950156047440636 0.11779709254844563 4.8682507358677185e-08
60 3.6442715511952883e-10 5.968271999097897 0.05968278960828053 4.8494870785731337e-08
61 3.6442715511952883e-10 6.107567961411291 0.08038859188176156 4.143835719006006e-08
62 3.6442715511952883e-10 5.974867267666216 0.15532472802626093 4.913932238892471e-08
63 3.6442715511952883e-10 3.6343605900640275 0.03634364935371005 3.608239618202447e-08
64 3.6442715511952883e-10 1.8720971839414347e-07 4.5688227832130225e-08 3.518429680937629e-08
65 3.6442715511952883e-10 1.395203921283894e-07 4.9089872842245084e-08 4.500916306326985e-08
66 3.6442715511952883e-10 6.127175017696711 0.2068086238227161 4.959029498152745e-08
67 3.6442715511952883e-10 3.723066543646891 0.0734082000179763 4.0007658075325025e-08
68 3.6442715511952883e-10 5.933759468521991 0.11107179042633836 3.9499087112204734e-08
69 3.6442715511952883e-10 3.688624956046557 0.036886331151106455 4.4369070639760366e-08
70 3.6442715511952883e-10 5.923696942408522 0.17267750539165466 4.013556997861656e-08
71 3.6442715511952883e-10 3.715674954697502 0.0687679489323173 3.695266004299924e-08
72 3.6442715511952883e-10 5.300740023492764 0.19005338626461513 4.0687963664964855e-08
73 3.6442715511952883e-10 3.6752822856842724 0.03675286820246788 3.9946526531053905e-08
74 3.6442715511952883e-10 5.473243964645 0.05473248829044857 4.1951573326315383e-08
75 3.6442715511952883e-10 3.675147643526867 0.10224610755142544 4.9459691897624225e-08
76 3.6442715511952883e-10 5.598215701984483 0.08516094383716398 4.445639811834212e-08
77 3.6442715511952883e-10 6.09035895754128 0.19705493483582337 4.773758499609926e-08
78 3.6442715511952883e-10 3.5453506969729998 0.03545356429778602 5.191536134319108e-08
79 3.6442715511952883e-10 2.877496148023795e-07 5.4543733956080584e-08 3.624993150097566e-08
80 3.6442715511952883e-10 3.092518316982762e-07 5.0951233827589705e-08 3.457029196241024e-08
81 3.6442715511952883e-10 6.077399909726353 0.06077405479587801 3.351403110585238e-08
82 3.6442715511952883e-10 3.746495753792136 0.03746500547003466 3.223482680780876e-08
83 3.6442715511952883e-10 2.034526862537689e-07 4.289168222371132e-08 3.605132237183284e-08
84 3.6442715511952883e-10 6.061659186317243 0.07648390271722293 3.219303268409135e-08
85 3.6442715511952883e-10 5.587472483296796 0.16215944091943346 4.068190273542882e-08
86 3.6442715511952883e-10 6.1127537676233885 0.09610130441157361 3.914074442334936e-08
87 3.6442715511952883e-10 3.746303276370391 0.07434500547757188 3.891645450337933e-08
88 3.6442715511952883e-10 6.133469252420102 0.06133474638312479 3.7061172353247684e-08
89 3.6442715511952883e-10 3.6706038971179358 0.03670608793286915 3.684772176271167e-08
90 3.6442715511952883e-10 5.966330498970436 0.12328552767834411 3.3955864342516406e-08
91 3.6442715511952883e-10 1.199110285498453 0.02383287801334193 2.445319902122378e-08
92 3.6442715511952883e-10 5.92710068944821 0.09330393322085731 3.231100231815276e-08
93 3.6442715511952883e-10 6.121017007935453 0.21740475440209284 3.5502977002721536e-08
94 3.6442715511952883e-10 5.924415066786583 0.07737679819846305 3.767896084028166e-08
95 3.6442715511952883e-10 3.7458512126109658 0.037458561430329364 3.25352744745544e-08
96 3.6442715511952883e-10 6.1272362607315465 0.06127241854354815 4.155363386715294e-08
97 3.6442715511952883e-10 3.5265141337582695 0.03526518475079909 3.504827050804238e-08
98 3.6442715511952883e-10 3.723294374772838 0.03723298187994421 3.155575578617231e-08
99 3.6442715511952883e-10 5.9502011061225915 0.11523440289433684 4.464795333447569e-08
