0 0.7291535906112654 7.768229661647274 5.535701344023917 5.770627865413704
1 0.7291535906112654 10.059506793727781 5.542410200969889 5.493752821499184
2 0.47905088112675687 10.0323061000785 4.988169280821022 4.691631671920716
3 0.05812306441770376 11.592764801857768 3.1695572074143876 2.685398190205451
4 0.0513078833385916 7.959769334623285 1.5860216420263418 0.873993072751857
5 0.019003499364267373 4.511136742210663 0.3772818603778789 0.16863746425175075
6 0.018297189978778494 5.955381063646524 0.2316287691054707 0.07459010997237359
7 0.012083038255067624 3.381604851032766 0.10763483921316441 0.04587551793382305
8 0.007911142358733247 3.3654756376122212 0.09688059344598164 0.03820805871704147
9 0.007406370179400046 6.005607209153098 0.09557148754346984 0.030476705330916065
10 0.005991795307761283 0.14689652987265278 0.028505242627291042 0.020892916267762462
11 0.0035685909539080463 6.127164455089176 0.08261840313294973 0.018344184165006272
12 0.001062292011067445 6.073264908898697 0.23445874586001192 0.013703862822782131
13 0.00027318065721759766 6.057120940662635 0.18984096886611457 0.009342082163332766
14 0.00013028091631328564 3.4353588587797863 0.039016406366696774 0.003050684239900736
15 3.091682254607875e-05 0.012828522613578475 0.00114299459018957 0.0005281875180114248
16 4.5563854915720015e-06 0.0030011303209538376 0.00039158275560032153 0.00021250979501319378
17 4.5563854915720015e-06 0.0012859381501226785 0.0001445845006299429 7.895720984096855e-05
18 1.625794873394426e-06 6.139001677920959 0.23198096545006547 2.146281879022993e-05
19 6.757763064690891e-07 4.215062233829649 0.0875484683248639 5.516637962887927e-06
20 1.6716803985517004e-07 6.127880331761588 0.21772690334431605 4.5489258977404745e-06
21 6.081820247416658e-08 5.6392382729253185 0.15338062239179795 2.6768141148103552e-06
22 3.3652668651740214e-08 6.139062812116485 0.14154992105226047 8.824591621880984e-07
23 2.4705660184309863e-08 4.792743574448814 0.0682808636029979 2.794822457907742e-07
24 3.2544460459860147e-09 6.113969001081784 0.11165606759673098 2.644203953572344e-07
25 3.2544460459860147e-09 2.1435141118031535 0.03300741017970596 2.3565754014853724e-07
26 3.2544460459860147e-09 4.730748170136817 0.08438410799337463 1.8916701138849135e-07
27 1.2491772061196116e-09 5.929854062855611 0.18853556176944528 1.0709704634237482e-07
28 1.2491772061196116e-09 5.060300543853469 0.1255789814299546 7.211499175596714e-08
29 8.094898085175828e-10 4.5478955831252215 0.04547905773400446 7.856769324021684e-08
30 8.094898085175828e-10 3.6743271453416253 0.08939106710962749 9.22007239445577e-08
31 8.094898085175828e-10 6.1052303571261 0.09822912382280113 7.55294373711024e-08
32 8.094898085175828e-10 6.062922072041982 0.06062932365412051 6.810297081827343e-08
33 8.094898085175828e-10 6.13307544861491 0.1586188472295557 7.314521299761623e-08
34 8.094898085175828e-10 6.137251299071618 0.133600496475467 6.62468910839209e-08
35 8.094898085175828e-10 4.8922379201880695 0.19738223589037496 5.205124020690732e-08
36 8.094898085175828e-10 6.139358336415238 0.12135761112600638 5.06215198647908e-08
37 8.094898085175828e-10 4.8236427036287175 0.08570046085113561 3.9196092149751394e-08
38 8.094898085175828e-10 6.048934844778287 0.06048939743274525 3.837479178869785e-08
39 8.094898085175828e-10 6.102485295407572 0.10106593288725581 4.225663063905927e-08
40 8.094898085175828e-10 2.6498665361364044 0.026498717095369332 3.7844096301142827e-08
41 8.094898085175828e-10 6.120183346016741 0.16998342125026966 3.6882927378911745e-08
42 8.094898085175828e-10 6.1232523867697175 0.11941816007588295 2.931057574429019e-08
43 7.926428402527108e-10 4.729152982887268 0.04729156961720944 2.5172284257024558e-08
44 7.926428402527108e-10 5.924167388056137 0.05924172237618039 3.207283016948281e-08
45 7.926428402527108e-10 4.7135258585129236e-07 4.192191701335446e-08 2.6075007486525692e-08
46 7.926428402527108e-10 5.979284596123115 0.059792879042688096 2.6252408691362916e-08
47 7.926428402527108e-10 5.194442029416766 0.09195442953187791 3.181923924344687e-08
48 7.926428402527108e-10 1.7054478407274587e-07 3.7285904372907906e-08 3.149756766518408e-08
49 7.926428402527108e-10 4.0663997315491365 0.04066403699233601 3.205530818561897e-08
50 7.926428402527108e-10 6.0767733805529005 0.09070131480121349 3.6560234395466296e-08
51 7.926428402527108e-10 6.138805379412858 0.15554570610490975 3.660263958593646e-08
52 7.926428402527108e-10 1.1498023555489567e-07 4.6390729036005496e-08 4.5051097519177574e-08
53 7.926428402527108e-10 3.7409693632998153 0.06326157300509118 4.1354696111994826e-08
54 7.926428402527108e-10 1.200272185313008 0.012002763018641947 4.14810092941309e-08
55 7.926428402527108e-10 6.002264149587727 0.1402866770658075 3.742338572365611e-08
56 7.926428402527108e-10 3.4454360510244304 0.03445440481752721 3.8702351989883255e-08
57 7.926428402527108e-10 6.138174782839311 0.25188276009260646 3.5695207234454074e-08
58 7.926428402527108e-10 4.192181552063275 0.041921858140920934 3.406384907478355e-08
59 7.926428402527108e-10 3.642642914522732 0.09391142880614611 3.657990932381949e-08
60 7.926428402527108e-10 5.326556906025306 0.10559672021589318 3.320049524191404e-08
61 7.926428402527108e-10 4.263910354648605 0.08216834713225898 3.256501424075964e-08
62 7.926428402527108e-10 3.911698287001706 0.07120343178290087 3.363977585379985e-08
63 7.926428402527108e-10 1.6604959592740376 0.01660500415667039 3.472719400932078e-08
64 7.926428402527108e-10 3.7278224683546033 0.09210053032509093 3.498157186143658e-08
65 7.926428402527108e-10 6.011161805728673 0.14289900388608182 3.7926942031418776e-08
66 7.926428402527108e-10 1.7116009631834572e-07 4.949952634447641e-08 4.279949772367786e-08
67 7.926428402527108e-10 1.827296007839152e-07 4.573053010048511e-08 4.2483158768646945e-08
68 7.926428402527108e-10 6.128813657951373 0.06128817874375839 4.056319236056538e-08
69 7.926428402527108e-10 5.932126675845453 0.2060165101813096 4.194965841364251e-08
70 7.926428402527108e-10 4.929088197642464 0.04929092942222888 4.333851721938231e-08
71 7.926428402527108e-10 6.1148555345752165 0.2653206128772956 5.010484871448284e-08
72 7.926428402527108e-10 3.505968706373683 0.035059740148716066 4.4453726477655664e-08
73 7.926428402527108e-10 2.1886168299900532e-07 5.130681936194037e-08 4.515447615816015e-08
74 7.926428402527108e-10 3.6080416905178834 0.03608047432003149 4.381204776748859e-08
75 7.926428402527108e-10 3.343023387166579 0.051642815069376076 5.404630032401769e-08
76 7.926428402527108e-10 3.7405678052339764 0.1258800941936401 5.8329691743352896e-08
77 7.926428402527108e-10 1.5369825295962696 0.015369892316593034 6.186885714853929e-08
78 7.926428402527108e-10 6.065602499037421 0.12962395159902682 6.494236481913163e-08
79 7.926428402527108e-10 5.947003040310737 0.1697422251880406 6.059576884709372e-08
80 7.926428402527108e-10 6.099307062499001 0.0762221980154201 5.421539350791704e-08
81 7.926428402527108e-10 2.554468179205571e-07 5.993354276867535e-08 4.0950413282558884e-08
82 7.926428402527108e-10 2.4124700503946883e-07 4.629543644441014e-08 3.079282473450462e-08
83 7.926428402527108e-10 6.07701557131238 0.0969847987342804 3.9045039645912993e-08
84 7.926428402527108e-10 5.924380585459957 0.07343340579736155 3.361793554645942e-08
85 7.926428402527108e-10 4.100617261997943 0.04100621010714798 3.4674588977878784e-08
86 7.926428402527108e-10 5.9240320444069425 0.09336556615331412 2.5660611857603044e-08
87 7.926428402527108e-10 2.5229617204840946 0.025229661362787946 3.2867540245007376e-08
88 7.647646960151633e-10 5.98955383100763 0.11527704620516695 3.5334514425500174e-08
89 7.647646960151633e-10 6.033251061034033 0.27541709560539507 3.839448803333312e-08
90 7.647646960151633e-10 3.7691522810946982 0.03769156799856633 3.686424365767493e-08
91 7.647646960151633e-10 3.625798863919034 0.07214715413697773 3.703651474395997e-08
92 7.647646960151633e-10 4.2624621743314606e-07 5.345741419304772e-08 2.991020631171182e-08
93 7.647646960151633e-10 6.040113408438579 0.11973072218559008 2.763124529181482e-08
94 7.647646960151633e-10 1.3714041502410623e-07 3.5194383851688826e-08 2.3713618180210005e-08
95 7.647646960151633e-10 5.434003414234422 0.10357387392784696 2.8688369457796625e-08
96 9.310641146953458e-11 5.923409713826668 0.16718969649785778 3.545006110883264e-08
97 9.310641146953458e-11 5.8572090164456405 0.05857214268038907 3.76820961101032e-08
98 9.310641146953458e-11 2.7468439369547295 0.027468508234565637 5.251989998455997e-08
99 9.310641146953458e-11 6.103900836240729 0.11684048117315717 5.1444619675322656e-08
