0 0.47993834223414256 7.746923645689439 5.615736946314566 5.780818533024254
1 0.47993834223414256 10.353524112585085 5.4032935810115275 5.492457301508269
2 0.47993834223414256 12.488990201478583 4.640785699973883 4.122436995713235
3 0.12742621824341827 11.433091508846413 3.440196000902454 3.3956241362766435
4 0.05122185479373842 8.004379670388284 1.8168700070004458 0.9075834930799105
5 0.017283161434570093 7.73266388998548 0.6389540598413403 0.3512457111541534
6 0.009355557955878613 1.6065241453650612 0.24128816333694267 0.09143815019996326
7 0.009355557955878613 4.660381850210474 0.17102648610117002 0.06333480924397117
8 0.007722504220936788 3.7118156361144767 0.10300205323714044 0.04563305117333494
9 0.007722504220936788 0.21359932679538618 0.035775922929759306 0.028105040224139177
10 0.005710125134048116 0.06808241770416901 0.021162219564337174 0.016245941952460985
11 0.0051797113223917 0.0644895904412377 0.018340312310816512 0.014130786098544679
12 0.003909620509130907 0.09687171083404467 0.014714167631944814 0.0102069096448969
13 0.003585484035444342 5.4245058354775075 0.1797247725454051 0.010638235678220642
14 0.003310827804171357 4.256103825286818 0.05295889390584035 0.009339763358749753
15 0.003310827804171357 5.932414035813835 0.24231038688208162 0.008446043234345613
16 0.0024384495375575632 3.513606955108543 0.04366359749178754 0.007793681222017401
17 0.00217543570679668 0.022080042688600532 0.007480109282426764 0.006914191819689552
18 0.0015566287122870115 6.130479883288654 0.16491496471307546 0.006269724337573113
19 0.0015566287122870115 3.6467196356544282 0.04220029992058334 0.004987985966565578
20 0.000514362867747753 4.681015958684437 0.051582639974369376 0.0038663344541132183
21 0.000514362867747753 5.554105527454862 0.1297675267738066 0.0037070644849106493
22 0.00023527023601888075 3.566323697336522 0.06539263320214732 0.002925068128784236
23 0.00015802545876342222 6.047404790252095 0.1337274165773373 0.00199909571509993
24 0.00015802545876342222 3.6276831172991355 0.07402887576739917 0.001219385636755721
25 0.00015802545876342222 0.00925821488557732 0.0012242351542190199 0.0007600454210519025
26 0.00011591851003034392 4.470696095438235 0.10464736019419112 0.0005430859391979403
27 6.74193205303375e-05 3.6931346600512645 0.07295970494719795 0.00043695460558135224
28 4.6938555606335086e-05 5.93557648645535 0.059748275121545985 0.00033658126427704715
29 4.6938555606335086e-05 1.0858036598103173 0.01116189989257867 0.00021487734363256905
30 4.2284794031122175e-05 4.328905268732779 0.08088919161952488 0.00017583449409075413
31 4.2284794031122175e-05 6.137359153031117 0.23016466060968754 0.0001451944200607791
32 3.288762054554084e-05 0.0005659038950409645 0.00014217070496323812 0.00012033621339258005
33 3.077761133996049e-05 5.888211151288338 0.09537458593557029 0.00011972833822015971
34 2.6136534593934613e-05 5.886494922854414 0.1088989107347175 0.00011359526254617336
35 2.6136534593934613e-05 0.0003912428609642582 0.00011635329202521305 0.00010166113544984867
36 1.3971581286131851e-05 0.0003376843644820049 9.524189889662083e-05 8.092538268344995e-05
37 1.3971581286131851e-05 5.509621484274973 0.0551640750604661 5.974864598323748e-05
38 7.106937168988026e-06 6.075559677118989 0.1553212772091754 5.598674712326002e-05
39 5.965942666552593e-06 2.8845238160878073 0.02890683345307524 4.9595000513935616e-05
40 3.344417500716901e-06 5.9943546807136485 0.117579231519983 3.4875705674952684e-05
41 2.7905758526181046e-06 6.009966929231528 0.15755679897418187 2.803072637869164e-05
42 6.342831722072617e-07 5.936792762272557 0.05938269382136903 9.985629132902574e-06
43 6.342831722072617e-07 6.072027723144384 0.06073032861306229 6.937037440923888e-06
44 4.3037086827624194e-07 5.590483245029855 0.17171895787403557 4.850451956972535e-06
45 1.7145775688121034e-07 5.993900619174386 0.16570448372683147 2.786493352946451e-06
46 9.066840478411109e-08 3.9129649322234106 0.03913241697647228 1.6368174162728621e-06
47 5.62427158179446e-08 5.972492861073569 0.0597262231004864 8.55883023564985e-07
48 4.251093388418781e-08 3.7485269836530155 0.037485907336065674 5.257793262991584e-07
49 2.3798417903009295e-08 5.96491968199004 0.13951387418940853 4.006637461806406e-07
50 1.93218920863103e-08 1.6668582714096658e-06 3.7587840159503114e-07 2.763857467336095e-07
51 1.6001387326269878e-08 6.02202439775656 0.1214967584761044 1.945708061334983e-07
52 4.15710887935461e-09 5.879044755173492 0.12839590571933304 1.46483062568592e-07
53 4.15710887935461e-09 1.7912652071976507 0.01791279287173806 8.177781873897061e-08
54 1.9655641558813386e-09 1.2559004099691404 0.012559093383760338 6.665609619815882e-08
55 1.9655641558813386e-09 4.994574302977362 0.08630273518222685 5.8387304324725164e-08
56 1.1062479821077886e-09 6.983581219976998e-07 7.086259996569311e-08 5.198055896826759e-08
57 1.1062479821077886e-09 5.923954165287778 0.09806008452993045 4.9104180721570856e-08
58 1.1062479821077886e-09 3.6939368106119095 0.06834007453218144 4.300081934971445e-08
59 1.1062479821077886e-09 5.958329130513 0.13329020510875436 3.651658397885171e-08
60 1.1062479821077886e-09 6.065900758690763 0.06065905632290162 3.599557851785562e-08
61 1.1062479821077886e-09 6.134658806305879 0.14515497070454172 4.221101912449399e-08
62 1.1062479821077886e-09 3.746236871153251 0.11317986819279251 3.7416235887377525e-08
63 1.1062479821077886e-09 6.121273260259045 0.19455391378692588 3.2042287489986165e-08
64 1.1062479821077886e-09 6.088930322377596 0.07345102787109033 2.7911801314672857e-08
65 7.534386448071473e-10 4.097785258267269 0.07926910437296046 3.4152709549317706e-08
66 7.534386448071473e-10 6.06883438628202 0.13444183647859184 4.435892053678003e-08
67 7.534386448071473e-10 3.7463797725640124 0.09345687466372046 5.348820630857176e-08
68 7.534386448071473e-10 6.1367852549535975 0.09787469652196777 4.392792840590687e-08
69 4.5664494408015344e-10 4.17082298370698 0.04170828343199444 4.328011771193019e-08
70 4.5664494408015344e-10 6.115575456456803 0.15839180048347934 4.600458902714877e-08
71 4.5664494408015344e-10 3.107531019175269e-07 6.273650397403685e-08 5.311022244214314e-08
72 4.5664494408015344e-10 6.01666943434336 0.07322340238938826 5.4130472992852674e-08
73 4.5664494408015344e-10 5.9841754569153665 0.07216346334335318 5.580602513433064e-08
74 4.5664494408015344e-10 1.8332150222152674 0.018332205738142537 4.367436234886668e-08
75 4.5664494408015344e-10 6.018671554867183 0.11944687412409156 4.4103668717099254e-08
76 4.5664494408015344e-10 2.0681878298844936e-07 4.286953450005626e-08 3.3524243381322094e-08
77 4.5664494408015344e-10 6.064681893465103 0.1316150485799064 3.405662463151771e-08
78 4.5664494408015344e-10 3.861580431391588 0.038615849186213094 3.619203470250909e-08
79 4.5664494408015344e-10 1.704284753323293e-07 4.643626690281621e-08 3.7334727753801644e-08
80 4.5664494408015344e-10 6.109315912867093 0.09718099010664123 4.137015041649761e-08
81 4.5664494408015344e-10 5.169378228615535 0.06951386272723604 3.7645597306124046e-08
82 4.5664494408015344e-10 3.5252120681707173 0.10011522036415263 3.36872436612623e-08
83 4.5664494408015344e-10 3.7367692615800583 0.050735745737856934 3.579272567222347e-08
84 4.5664494408015344e-10 3.626325074904685 0.03626329229276168 3.507258172774641e-08
85 4.5664494408015344e-10 5.605970144921965 0.09273492737999371 3.7586897594366064e-08
86 4.5664494408015344e-10 1.3030399204083665e-07 4.160726563284811e-08 3.655213065556495e-08
87 4.5664494408015344e-10 6.136550022610702 0.14916750960766267 3.4493828682258254e-08
88 4.5664494408015344e-10 6.061249776869598 0.132229816488914 2.856958802865961e-08
89 4.5664494408015344e-10 5.351339823678462 0.15460109145114928 3.3062406590289584e-08
90 4.5664494408015344e-10 6.098627299502166 0.1219161258041253 3.517954327847406e-08
91 4.5664494408015344e-10 6.129695458320242 0.1574902069928109 3.5668137332578453e-08
92 4.5664494408015344e-10 4.143556512156042 0.07860299836375259 4.286463317626499e-08
93 4.5664494408015344e-10 3.048916252801348e-07 5.0725160622988594e-08 3.715100804768667e-08
94 4.5664494408015344e-10 3.723996528458376 0.06362944872840509 4.1081705592915796e-08
95 4.5664494408015344e-10 5.942666158407253 0.19520170932554656 4.157119493086725e-08
96 2.2337021121643374e-10 6.124725335048399 0.12048995104859576 3.710766316444847e-08
97 2.2337021121643374e-10 3.6988391073853113 0.07376807807072515 3.8667194335317845e-08
98 2.2337021121643374e-10 4.358408722133621 0.15421465120538053 3.8129500001815586e-08
99 2.2337021121643374e-10 5.94349717901072 0.05943500553105048 3.0118107563481544e-08
