0 0.2569322315161213 7.768571998646827 5.580576172323154 5.84227185716351
1 0.2569322315161213 10.169286235039234 4.878465068712783 5.440411271177405
2 0.05827469920966566 10.865403725672019 2.799996777590063 1.8688399475266668
3 0.00682733579603978 8.663741960256576 0.8058285555400527 0.2569322315161213
4 0.006247819099986618 3.9114627804880127 0.20413244715545376 0.14982625371095404
5 0.0024523232954263285 5.933504040748833 0.12925332031410147 0.022069748837866943
6 0.0020541739474286835 6.099340889449696 0.18278108836508253 0.007510464515960269
7 0.0020541739474286835 0.04291158329841638 0.007686803280208618 0.0059290913563452285
8 0.00033520992242275227 5.883770506847881 0.14978155691562148 0.005039150821579685
9 0.00033520992242275227 3.7431178638257276 0.04262587779005143 0.003976891588904241
10 0.00033520992242275227 6.0773253988316185 0.16573198215189258 0.0025674366886350164
11 0.00017296540203348698 5.965844325294018 0.06128237267120189 0.0011849078806087654
12 0.00010945058573641475 6.12389137547142 0.3097891013480275 0.0004716967717333098
13 7.752286098439143e-05 5.991738008288269 0.09642051807845907 0.0003467107385746182
14 5.2274956399589456e-05 6.139545245149222 0.1362044565885793 0.000306332826433664
15 5.2274956399589456e-05 0.0013906080830392575 0.00024702849240791023 0.00018873398540408814
16 4.336017369199752e-05 0.0005313068783512342 0.00017625894148610044 0.00014396526714799407
17 2.2266091534550725e-05 6.114232262399778 0.11651842818822475 0.00013791552671316154
18 1.9457694286462157e-05 5.946465935430972 0.059569401835120474 0.00010213755005716862
19 1.014675440247359e-05 3.64834625724404 0.07290885718540585 6.339241667108197e-05
20 4.778137253413917e-06 6.09575766212005 0.2508422999564873 4.448805245660381e-05
21 1.6782532523684779e-06 4.509129936640097 0.08214926673766106 2.4071906411737842e-05
22 1.5369828720857015e-06 3.26011518791238 0.032617487777821225 1.1339973339463683e-05
23 4.255408154740792e-07 5.932357936163168 0.1638656558964659 6.3683624831334384e-06
24 2.1106488334865503e-07 3.5511803592252744 0.06406944106803612 2.3980190424488512e-06
25 1.8041957661196761e-07 6.135425568966504 0.06135610992923512 1.1773231105571824e-06
26 1.6340076003373838e-07 3.6535239373628525 0.05781258833834988 8.669747697531704e-07
27 5.7404978992536826e-08 6.126309636753149 0.2245778603310074 6.128738463395678e-07
28 3.689013938767971e-08 6.060506337878959 0.17508912680529531 3.411670843611603e-07
29 1.799759674625534e-08 6.11235298675674 0.10641401013292773 2.887324339617692e-07
30 1.3431642020833578e-08 5.498442250777607 0.05498466213974408 2.1171761277472e-07
31 1.1230323782029927e-08 6.908970040520046e-07 2.1496114930741327e-07 1.6963469606778858e-07
32 5.9852607314780926e-09 6.083985734117228 0.13501190495685875 1.7712085886856244e-07
33 5.9852607314780926e-09 3.711569163521251 0.06841645537002153 1.6309934247615843e-07
34 5.9852607314780926e-09 6.11542608179267 0.06115445520441023 1.7275490948875927e-07
35 5.9852607314780926e-09 6.04014251580784 0.2281548250875553 1.423899971264575e-07
36 5.9852607314780926e-09 2.8296203660761567 0.028296347787307122 9.551201651802899e-08
37 5.9852607314780926e-09 3.742339984807494 0.03742352868393477 9.852933091636373e-08
38 5.9852607314780926e-09 5.316580597588235 0.10630020725759086 9.746948714806081e-08
39 3.738535259145692e-09 3.6881043499627144 0.07315576272862687 7.917243616262226e-08
40 3.738535259145692e-09 5.601944670408155 0.12605695736664985 6.2126089606096e-08
41 3.738535259145692e-09 4.615018274201077e-07 7.553375573010613e-08 5.664341751199231e-08
42 3.738535259145692e-09 4.971141575030661 0.04971149832203815 6.569335875283855e-08
43 3.6595655394933146e-09 6.134156137438559 0.06134162546473591 5.136380787362782e-08
44 3.6595655394933146e-09 6.125867905563595 0.13277014288806158 5.837440797407112e-08
45 3.6595655394933146e-09 3.9632776106540466 0.03963284679412082 6.370531169253013e-08
46 2.9855660166333564e-09 5.761279045061393 0.0721826861780679 5.35134963008943e-08
47 2.9855660166333564e-09 6.0827582958502155 0.13472200230030634 4.64705114389119e-08
48 2.9855660166333564e-09 2.852010152487594e-07 5.710964119387541e-08 4.474961778910824e-08
49 2.9600077944280656e-09 6.134077810411036 0.10684908582646224 4.4799220777491655e-08
50 1.0375171832777141e-09 3.0570328179990724e-07 5.682206941415302e-08 4.300460121342553e-08
51 1.0375171832777141e-09 4.752899020332578 0.04752904225591679 4.221752591959671e-08
52 1.0375171832777141e-09 3.8755530242396685 0.11200336218473138 4.505365547302631e-08
53 1.0375171832777141e-09 3.746471349734478 0.04944899761113087 4.6403706210895734e-08
54 9.438889669866057e-10 1.9630933723036037e-07 5.623360193496296e-08 4.2295026592142904e-08
55 9.438889669866057e-10 6.0427345531469605 0.13425083924009462 4.6641750461873244e-08
56 9.438889669866057e-10 5.9237747111633965 0.095874522396898 4.492274152667619e-08
57 9.438889669866057e-10 3.6616122813676317 0.036616174569290914 4.20107615362042e-08
58 9.438889669866057e-10 1.8175426719224674e-07 4.56997286413241e-08 4.012428833632953e-08
59 9.438889669866057e-10 3.882575034875487 0.038825802121632745 3.897899469862409e-08
60 9.438889669866057e-10 5.899476206963328 0.11366652233706515 4.7889717524896014e-08
61 9.438889669866057e-10 5.4277440127390975 0.07176814364328235 5.8632009913850425e-08
62 9.438889669866057e-10 1.691029743587404 0.016910355151380844 4.902820061047919e-08
63 9.438889669866057e-10 6.130028392287635 0.11000720227818166 5.8030071858894416e-08
64 9.438889669866057e-10 2.54842535064401 0.02548432596285549 5.3270355682144555e-08
65 9.438889669866057e-10 5.929369912993277 0.08748427311710093 4.20348187368802e-08
66 9.438889669866057e-10 3.614126795504849 0.03614133714728508 4.663050079400932e-08
67 9.438889669866057e-10 6.04156047256723 0.09747835331240631 5.369610756034149e-08
68 9.438889669866057e-10 6.137069565968954 0.2803714827470474 5.6915573143356823e-08
69 9.438889669866057e-10 4.522441767576382 0.04522449351949943 4.688845445244283e-08
70 9.438889669866057e-10 6.084054246215416 0.2442598153824167 5.494471588818328e-08
71 9.438889669866057e-10 4.717130142425383 0.11970746815494918 5.085946286342846e-08
72 9.438889669866057e-10 6.1335719731297935 0.13488135670178275 5.144112202870588e-08
73 9.438889669866057e-10 3.7261018267701727 0.07189355210355855 4.9074270425109034e-08
74 9.438889669866057e-10 5.9248819451854615 0.1059344647825305 4.8931417584441306e-08
75 9.438889669866057e-10 1.8861374250619396 0.01886142378519251 4.836432809796065e-08
76 9.438889669866057e-10 3.253662149076416 0.03253667639332493 5.2026174035546546e-08
77 9.438889669866057e-10 1.8455206871493783 0.018455256803394226 4.7770733591079306e-08
78 9.438889669866057e-10 3.60932093937419 0.05611323140421623 5.283040893644397e-08
79 7.332059404063784e-10 3.898931254423634 0.038989364146963065 5.11320661367165e-08
80 7.332059404063784e-10 1.2963393958287384e-07 5.2988397118980404e-08 5.3152299006598014e-08
81 7.332059404063784e-10 2.5399769155840564 0.025399825270723344 4.9908973398515855e-08
82 7.332059404063784e-10 4.447999123931925 0.08166678219535986 5.148062287574362e-08
83 7.332059404063784e-10 6.111121537324678 0.23012612966367244 5.693717541888077e-08
84 7.332059404063784e-10 5.799529799216852 0.057995357463853 5.833575267288893e-08
85 7.205369634277758e-10 6.138282825218507 0.14491243536654844 5.5943735421948304e-08
86 7.205369634277758e-10 5.930617623099643 0.1066271502553189 5.767578992177391e-08
87 7.205369634277758e-10 6.120032115806424 0.18566289258800225 6.811921737792659e-08
88 7.205369634277758e-10 6.1374378195706285 0.2075440010426475 6.379960604263601e-08
89 7.205369634277758e-10 5.005875816566032 0.1377787661652651 6.215186276747886e-08
90 7.205369634277758e-10 5.340922329899634 0.08726717958989576 6.784443096208292e-08
91 7.205369634277758e-10 4.750933056841106 0.06896362456497784 6.204625835337652e-08
92 7.205369634277758e-10 4.9272127599404705 0.08358320788830427 5.6326105113413405e-08
93 7.205369634277758e-10 2.094047784062525e-07 5.813706268398278e-08 4.2644929809654286e-08
94 7.205369634277758e-10 6.0967409869971405 0.19362284759138845 4.826623234421845e-08
95 7.205369634277758e-10 3.7318464638462108 0.03731852702775962 4.3871957178254206e-08
96 7.205369634277758e-10 5.873617553555182 0.1499055398122557 4.2352152451741176e-08
97 7.205369634277758e-10 4.4131405418923464e-07 4.7744176381314675e-08 3.328544062597416e-08
98 7.205369634277758e-10 5.6904065561792585 0.05690410876074468 3.5577919721418994e-08
99 7.205369634277758e-10 6.107138694016005 0.1633788200696228 3.9418822428416433e-08
