0 0.43064418317918696 7.759359610734144 5.368961662189977 5.601126346921591
1 0.43064418317918696 9.832883236883525 4.892742536520333 4.638089103438647
2 0.06263780402003549 11.463385448331723 4.2437778028888165 4.003584974854201
3 0.04497174326527231 9.937297562307464 1.8139836011546597 0.6679375241590724
4 0.028566374900020453 6.138659240567804 0.3213354475593964 0.10225475998180089
5 0.028566374900020453 3.7431139341999544 0.14354708265960714 0.08370855887056594
6 0.0007290543175462183 0.38827949099350834 0.0873174179003473 0.06920569222019823
7 0.0007290543175462183 6.101345333989535 0.15578044256990525 0.02928165173574948
8 0.0007290543175462183 5.976172930106841 0.2139566060023528 0.0007290543175462183
9 0.0006203293542843547 6.138695619167294 0.08838407033917908 0.0007290543175462183
10 0.0005597762278282126 3.7419268620438406 0.10699671937934233 0.0007290543175462183
11 0.0005597762278282126 6.024818371629667 0.12047340706619818 0.0007290543175462183
12 0.0005597762278282126 6.041796104042167 0.1699691480886357 0.0007290543175462183
13 0.0005567660263747776 0.0008473333029397345 0.0007246939437731648 0.0007290543175462183
14 0.0005567660263747776 5.470016954743123 0.15113437827369225 0.0007290543175462183
15 0.0005567660263747776 3.6099166563950793 0.036816504178353124 0.0007290543175462183
16 0.0005567660263747776 5.590099088202464 0.08688989425613923 0.0007304441675235473
17 0.00048605919498401207 6.068030506108133 0.09847082386345361 0.0007448319984555418
18 0.00048605919498401207 4.489484516181037 0.04565671639770881 0.0007456163321291065
19 0.00046478573395747347 6.137914100404146 0.19584004957949094 0.0007548524454876748
20 0.00046478573395747347 5.932517922785447 0.179686005602156 0.0007710923217829624
21 0.00043544938485640117 1.440000912102278 0.015179197490148243 0.0007781581496808521
22 0.00043544938485640117 5.925907536307651 0.0976320502413962 0.0007898406666009272
23 0.00043544938485640117 5.878791982278447 0.09978553626808226 0.000777140509033547
24 0.00039446460420267115 6.122554845717744 0.18325307125487275 0.0007512724143006189
25 0.00039446460420267115 0.002393385181424623 0.0007777688306241082 0.0007468331523470262
26 0.00039446460420267115 2.5507371092704436 0.049891652776651564 0.0006884282204429049
27 0.00039446460420267115 5.518716623911288 0.12796342194469532 0.0006528407110359957
28 0.00035290833115597664 5.9522140786453654 0.1242427076518973 0.0006511090313119361
29 0.00033866591682540914 3.950411244621755 0.07369857099027621 0.0005769383438090081
30 0.00033866591682540914 1.091519974621065 0.011508072293467198 0.0005696067180935849
31 0.00030858200763761445 3.7464456658994973 0.07240612275066775 0.0005476439795573107
32 0.00030858200763761445 5.491095427826725 0.15551215888535463 0.0005247147648348438
33 0.00025221268210318115 5.944179385270601 0.11143312056621615 0.0005189880420073401
34 0.00025221268210318115 6.054169828299916 0.2175332183397462 0.0005365819148086537
35 0.00025221268210318115 6.081146622169914 0.1953160195549163 0.000535776298165036
36 0.00025221268210318115 5.682035344651659 0.057365866360060996 0.000526766363496467
37 0.00021995657400752933 5.855174133579915 0.12502161867498682 0.000510272706535364
38 0.00016075011828720065 5.5058981649667835 0.12470389953354656 0.0004589367708995873
39 0.00011324281716129647 0.0016876039707551804 0.00045718820842791883 0.0004330603965745361
40 0.00011324281716129647 0.0008187259664933499 0.00038942231732468356 0.0003700189349769012
41 8.194310859765963e-05 3.7804263790670736 0.11077608478036068 0.00035492500544664907
42 8.143399614413127e-05 3.6998600791545866 0.05228741236731461 0.00032132686924635223
43 6.318583684761236e-05 5.750958058129871 0.05777494152792465 0.00022707252497555785
44 3.02306723551915e-05 3.6788704659683806 0.06668196930147845 0.00024220278578512833
45 1.7370146452311275e-05 6.056929701692045 0.06076420767839282 0.00015371803511898818
46 8.30366083848233e-06 3.6405712215075288 0.036565048127156156 0.0001232115804463696
47 8.30366083848233e-06 2.846826916736451 0.02857739559085802 6.536566622061812e-05
48 6.629195013818645e-06 5.024081792495728 0.08029659945919183 4.496618823290888e-05
49 1.8046985812425476e-06 4.6640676328745485 0.04667348599275717 2.5754738363747975e-05
50 3.4725883368835753e-07 5.99101258473895 0.09860184928038852 1.3935915231133578e-05
51 3.4725883368835753e-07 6.118128192100912 0.2277943881470958 6.629495356680337e-06
52 3.1209550188648905e-07 3.5634820617421643 0.049151006895189385 1.0055532961850133e-06
53 2.0458685812130284e-07 6.120975514004336 0.2159829481981824 6.253029796177145e-07
54 1.5783622986376145e-07 3.1694224351674904e-06 5.898078782884397e-07 4.845065260106196e-07
55 1.5783622986376145e-07 2.358364513549859 0.023584261840641236 4.5292198658231086e-07
56 1.3373620122436591e-07 6.08231110943802 0.09853532817393708 4.2461092819578994e-07
57 4.2507235509248176e-08 5.969647810036676 0.09684527060157505 3.591402042424363e-07
58 4.2507235509248176e-08 5.642262092993533 0.1423361795046279 3.471197325133346e-07
59 3.6957598315012774e-08 6.020452666366182 0.12329753325027742 3.040943661325457e-07
60 2.9370042842202793e-08 9.600217443228587e-07 2.824689508962308e-07 2.6872191272175883e-07
61 2.9370042842202793e-08 5.926726396875555 0.09673242805999586 2.7068340147096137e-07
62 2.9370042842202793e-08 3.6422858406780176 0.03642310998435059 2.103773550921062e-07
63 1.3702891710209997e-08 5.92486606098743 0.13487341259303756 2.206653264558156e-07
64 1.3702891710209997e-08 2.4597173450009646 0.024597356793033088 1.5060054048277038e-07
65 1.3702891710209997e-08 6.139513389172869 0.1349046907800379 1.2736158483406257e-07
66 6.561859056120056e-09 6.041558155417352 0.09684616447384022 1.247151062422347e-07
67 5.210715858794401e-09 6.130899845033479 0.10565981617406515 1.1117212794786724e-07
68 5.210715858794401e-09 5.924232954220312 0.2835004793161257 9.117353316767662e-08
69 5.210715858794401e-09 1.0934731617086801 0.010934844501492035 9.05084758251462e-08
70 5.210715858794401e-09 5.978659036647851 0.059786690533366785 8.365073655980382e-08
71 3.977430385049274e-09 5.350340149127543 0.1427213381608796 8.809639462370455e-08
72 3.703509054986398e-09 6.127997535176604 0.2132017585661747 8.286842367866143e-08
73 3.703509054986398e-09 3.506192696269409 0.035062027624025965 6.99981765883706e-08
74 3.703509054986398e-09 3.4546541116760783 0.0474523312298736 7.244726818456115e-08
75 3.703509054986398e-09 3.9223949922045347 0.07288240442935061 6.175545452791198e-08
76 2.5106783319017723e-09 2.4440775492351463e-07 6.573726386349677e-08 5.0335085877151187e-08
77 2.5106783319017723e-09 2.1870828748049576e-07 6.935621046366692e-08 5.8741985942134534e-08
78 2.5106783319017723e-09 5.978809276707697 0.16853270779806118 5.6172714923974354e-08
79 2.5106783319017723e-09 6.033644490987701 0.06033650964935437 5.7109149853573626e-08
80 2.3130941606552824e-09 4.7607051103193925 0.04760711581183882 4.5493088851600305e-08
81 2.3130941606552824e-09 6.027593262782862 0.1163477401092019 4.915590290366367e-08
82 2.3130941606552824e-09 5.967659469853825 0.17738063927187664 3.954567917574536e-08
83 2.3130941606552824e-09 3.8526972234720347e-07 5.1853190132788993e-08 4.128777719714094e-08
84 2.3130941606552824e-09 3.8090353340012055 0.03809040669504873 4.108942386338299e-08
85 1.8110744015586988e-09 3.619878560026845 0.09258003461087197 3.8078916464456825e-08
86 1.8110744015586988e-09 5.2826892367405875 0.12006278427334782 3.9191759615420096e-08
87 1.7274186525639834e-09 1.7169949773077064e-07 5.294766728169975e-08 4.309066747865131e-08
88 1.7274186525639834e-09 5.484229531661057 0.10813846654903657 4.57371513995497e-08
89 1.7274186525639834e-09 3.6082751145565806 0.03608280614025395 4.8341034730725596e-08
90 1.7274186525639834e-09 6.084852830044131 0.17070207029331969 6.041041844540018e-08
91 1.7274186525639834e-09 2.2880140138070715e-07 5.330345187459784e-08 4.316401680526383e-08
92 9.294365277412453e-10 6.088501712030855 0.1813939441365813 4.626673488772326e-08
93 9.294365277412453e-10 6.080744708875645 0.21697396245604494 4.2872404737437364e-08
94 9.294365277412453e-10 6.007664975884893 0.16364348709354623 3.999575826085788e-08
95 9.294365277412453e-10 5.475104664381597 0.0993542579641061 3.987151275808287e-08
96 9.294365277412453e-10 3.6578524189676362 0.03657857060432979 4.0598127970525866e-08
97 9.294365277412453e-10 5.995109892640265 0.11984107504365907 4.111045237564781e-08
98 9.294365277412453e-10 5.8282407513441825 0.058282463913868425 4.485263227493874e-08
99 9.294365277412453e-10 2.2838434832195276e-07 5.5132508141042537e-08 4.357754557204885e-08
