0 1.1688026915765097 7.7120234320853545 5.630896521376991 5.928571183348716
1 1.1688026915765097 11.141871916048103 5.825767028358648 5.761053419265387
2 0.6033176819695609 14.437695922437186 5.509064350065251 5.033665796510862
3 0.6033176819695609 14.705465617435948 4.250458175278922 3.7376515613214676
4 0.41150427405002477 11.122307700868364 2.684592930219651 2.4036117957572256
5 0.41150427405002477 6.135018160516694 2.5204729143212647 2.0453985776842765
6 0.41150427405002477 6.3611329252874285 2.081894814164192 1.5118308521142247
7 0.30613994894380925 3.745998317292312 1.612708663658258 1.4111562604402121
8 0.3034094357381041 3.737398001742538 1.4389639384342725 1.2821364791204446
9 0.19127544204032576 6.1381102477478215 1.468563344261935 1.286083505864847
10 0.16936115746452218 5.939647181597515 1.2959308031269725 1.262374393807209
11 0.11876890679503349 2.6982461407314173 1.1662843607658284 1.2065229481237592
12 0.10196503357074649 3.7384387771500056 1.0534255059707607 1.1758770347024279
13 0.10062615509664186 6.129607251549615 0.7897320642227571 0.5897971031930145
14 0.04466149490153315 3.7933075581448112 0.5599167882192203 0.29420303717367213
15 0.0067679174317558655 6.010037775699402 0.3684619485477909 0.1549409425174315
16 0.0067679174317558655 6.08334219255843 0.3576667667030819 0.13902618806141165
17 0.0016557381916944003 5.932501658582627 0.17863982601410805 0.03235965827316045
18 0.00121443273867472 5.924349505898505 0.1667073997707899 0.007796486507578582
19 0.0007307686824309378 5.942923547466588 0.1274061849955322 0.00710335154930819
20 0.0006836592332004621 4.286106995959383 0.050152318291643475 0.00634336745358377
21 8.158788409717843e-05 4.163126615251734 0.04475995365310902 0.002176853152466851
22 7.279709076657426e-05 6.128761696687171 0.2575506027350328 0.0010042117159607677
23 1.3319784085030761e-05 3.279869266682415 0.03320882795934148 0.0002315777664017027
24 1.3319784085030761e-05 0.001364827914198674 0.0002003946240403387 0.000134983615384332
25 1.8577594791402419e-06 4.354462081973068 0.043631712719343144 7.075089838126658e-05
26 1.8577594791402419e-06 3.7253718656551063 0.037310732084497804 3.876460551355265e-05
27 6.242178831605827e-07 5.931326643162304 0.08269655204814293 9.963345924735023e-06
28 6.242178831605827e-07 3.7439562940777695 0.10326996461151085 2.2166453921279583e-06
29 5.227034667321107e-07 5.345216720852498 0.12620046372422405 2.0995336851292734e-06
30 3.9491100922717237e-07 1.0991238749813448e-05 2.027260268224751e-06 1.7042235591624433e-06
31 1.4887800192653344e-07 5.942616524969548 0.12913111188056028 1.2241097082643648e-06
32 1.0691244911598119e-07 6.117658626570503 0.12763696054632567 1.12485132186535e-06
33 8.339370483056996e-08 4.908877152312652 0.08572110733518626 6.305762316749508e-07
34 2.903068052617641e-08 5.9235489773283305 0.09753754078089676 4.076566413324656e-07
35 2.7662299562081216e-08 3.6111355770552795 0.036111789625473935 3.092749207844747e-07
36 2.2232410135103464e-08 3.7245932337201215 0.06249068580852134 2.5001079650976976e-07
37 9.701910830273164e-09 5.8057434846739255 0.05805766817219479 1.7272843644278169e-07
38 4.365422245911077e-09 6.0578585580752 0.1328050595294536 1.2582600072974515e-07
39 4.365422245911077e-09 3.4749101399555653 0.06421684176807792 9.808453649284843e-08
40 4.365422245911077e-09 3.7071388246234354 0.037071472660635776 6.734527824292513e-08
41 4.365422245911077e-09 6.139305105754403 0.10207687243103526 6.749691872087737e-08
42 4.365422245911077e-09 6.102687787506898 0.09829132799574561 6.860951318188313e-08
43 4.365422245911077e-09 5.329648838603887 0.05329656105217301 5.8878967923448045e-08
44 2.559034317783926e-09 3.680024407830278 0.0730570278847262 6.114745021434942e-08
45 2.3694046724642703e-09 1.891579970504559 0.018915869795608647 5.03529311579598e-08
46 2.3694046724642703e-09 3.6599434329615232 0.036599500700153324 4.416540244633893e-08
47 1.372385316500413e-09 5.892605190378507 0.058926122882149816 4.9862113105092476e-08
48 1.372385316500413e-09 6.059807179562853 0.09385932722844968 4.736082503953298e-08
49 1.372385316500413e-09 3.6222035768855076 0.07134615174036787 4.794568342347816e-08
50 1.372385316500413e-09 1.9159805038640951 0.019159873365962046 5.41911089335656e-08
51 1.372385316500413e-09 5.927445556826893 0.05927451313641581 4.3970470375853665e-08
52 1.0185812193697075e-09 3.7256798103905457 0.07346523341102648 4.0158474323703786e-08
53 1.0185812193697075e-09 3.715206379399867 0.03715212438349615 4.7954813897632675e-08
54 1.0185812193697075e-09 4.651743920973544 0.09140047840091428 4.9100269183810497e-08
55 4.408140519274184e-10 4.853084965633936 0.08598123991906477 5.70887928041941e-08
56 4.408140519274184e-10 5.46020109372116 0.08827001314019964 5.404770364592082e-08
57 4.408140519274184e-10 6.1276174282477065 0.22708762892158388 4.741337855662664e-08
58 4.408140519274184e-10 6.139218238410876 0.14875628972742627 3.658131797479314e-08
59 4.408140519274184e-10 3.717630424216129 0.037176343949164393 2.9161679737654822e-08
60 4.408140519274184e-10 5.924521752582038 0.0955751308708709 3.07389744769182e-08
61 4.408140519274184e-10 1.7597466994700994e-07 3.9988348756736514e-08 3.112680113659394e-08
62 4.408140519274184e-10 6.126561186102201 0.06126564433219987 2.7423084691946542e-08
63 4.408140519274184e-10 5.755750964560409 0.10662086003777373 2.735526694053192e-08
64 4.408140519274184e-10 5.961311761411643 0.05961315076893159 3.0236782411208196e-08
65 4.408140519274184e-10 6.133074607062106 0.06133078822193974 4.086370397615724e-08
66 4.408140519274184e-10 5.5114919768720725 0.1682872888287119 3.829591266324428e-08
67 4.408140519274184e-10 6.122053467198953 0.06122057959555144 3.4390249314952825e-08
68 4.408140519274184e-10 6.137771204180115 0.161634293663727 3.493957345668264e-08
69 4.408140519274184e-10 5.926546831851031 0.059265517657823084 3.919745994451773e-08
70 4.408140519274184e-10 2.1973987474055434e-07 4.7160654279565504e-08 3.634762046900164e-08
71 4.408140519274184e-10 5.945691169142144 0.15077886591077264 3.068536935657562e-08
72 4.408140519274184e-10 6.138964150733539 0.2160414065062071 3.946621918160531e-08
73 4.408140519274184e-10 3.7703083333791665 0.03770313341975898 4.1762304281434126e-08
74 4.408140519274184e-10 6.009644106310315 0.22015377954566057 3.956898853019197e-08
75 4.408140519274184e-10 3.4518618926469036 0.03451865907603354 2.7272918590171003e-08
76 4.408140519274184e-10 6.0992071741675105 0.09635925390637906 2.800538867475666e-08
77 4.408140519274184e-10 3.183294308151119e-07 4.3795813535751906e-08 2.953976308006645e-08
78 4.408140519274184e-10 6.126695061490064 0.10945402508230645 3.5846645207726624e-08
79 4.408140519274184e-10 5.195602317265013e-07 6.358977758580408e-08 3.504722956293449e-08
80 4.408140519274184e-10 5.910164679382113 0.059101696987592704 2.9875535378920404e-08
81 4.408140519274184e-10 5.92346718214608 0.1512609154869556 3.333866027688259e-08
82 4.408140519274184e-10 6.111461618594287 0.1724832056900016 3.910544821295048e-08
83 4.408140519274184e-10 3.8585291234016847 0.03858533156148111 2.789381392531709e-08
84 4.408140519274184e-10 5.95427591732258 0.16818048124705176 3.3632700624508516e-08
85 4.408140519274184e-10 5.961921224774947 0.15573441211066225 3.5235168116543036e-08
86 4.408140519274184e-10 1.511210965254861e-07 4.23726986831241e-08 3.215772403919459e-08
87 4.408140519274184e-10 6.0062012578479305 0.09666355024678716 3.0680409768280015e-08
88 4.408140519274184e-10 5.987338189078574 0.08940037806131682 3.216771604641622e-08
89 4.408140519274184e-10 3.7007559383406528 0.08557236469475446 3.342972165754077e-08
90 4.408140519274184e-10 1.3475931170958688e-07 4.098390542495167e-08 3.586826879953264e-08
91 4.408140519274184e-10 3.608904390712198 0.036089086581375385 3.829627148732584e-08
92 4.408140519274184e-10 8.563175457609873e-08 4.269988457039631e-08 4.367798434046222e-08
93 4.408140519274184e-10 6.1260898150743515 0.1145524182090728 4.279539966844936e-08
94 4.408140519274184e-10 5.993877928014626 0.15634390669188822 4.645614604115167e-08
95 4.408140519274184e-10 5.586160712970777 0.1213186587314406 4.787130380989879e-08
96 4.408140519274184e-10 6.116553084379177 0.07366192304855532 4.181782253809274e-08
97 4.408140519274184e-10 5.963068498705429 0.18015786154439561 3.6271519565644894e-08
98 4.408140519274184e-10 4.350743294425037 0.06270284837368924 4.1521773130881456e-08
99 4.408140519274184e-10 3.6504220846111934e-07 5.8329690784120204e-08 4.957731691845879e-08
