0 1.411730519712052 7.7546441277194305 5.306429025066921 5.341681289534581
1 0.2873520999309176 8.96613538912803 5.051791453901496 4.826820998526371
2 0.14949966334678466 10.324961159695485 4.453970115544028 4.212017148776775
3 0.1272617147056576 10.244274376466892 3.135949573293264 2.82332531637554
4 0.046007060046310944 11.258891084943803 1.44529587953387 0.6518850823753302
5 0.005338602792388958 3.614016351458425 0.388478689483017 0.2180451135200845
6 0.0036936230243687085 3.634577404199302 0.19938362628921008 0.08404423082255663
7 0.0003748744456086861 5.851831619376277 0.13378588123696147 0.017178620278022638
8 0.00024783805499639655 6.04537680173161 0.18450718877401293 0.004895029524636829
9 0.00021712488734637603 3.127990629521691 0.034986929977245056 0.002167807501401331
10 5.4340834882982136e-05 2.94138449460575 0.030192209909401607 0.00043749238867230034
11 5.4340834882982136e-05 5.925355886753167 0.05969493081576674 0.0003385473048269638
12 3.28343834650191e-05 3.78823002558967 0.07153208779612476 0.0002978447437151921
13 2.6066947520053674e-05 5.923516480707033 0.16416874145697485 0.00022711101478067874
14 2.6066947520053674e-05 6.139644773169021 0.18178489895293368 0.00014216830146773773
15 9.638486841101468e-06 0.0006950770390869998 0.00010004607373828022 6.108366086055028e-05
16 5.395991458545524e-06 5.946896283203529 0.0595276933503092 3.947557418237935e-05
17 2.589186177903713e-06 0.00014136943186615625 3.151947500017016e-05 2.4181662777511548e-05
18 2.881131071497123e-07 6.05698956195609 0.23141100588878996 2.117519979849547e-05
19 2.881131071497123e-07 6.104334442743145 0.14172396676767984 8.231092801569417e-06
20 7.931907264335791e-08 3.7464003124299166 0.09446965257615263 2.8692640960947813e-06
21 7.931907264335791e-08 1.0005245866029355e-05 2.079707608029224e-06 1.233290190416625e-06
22 7.931907264335791e-08 4.595965955686577 0.18948282888201837 6.139558874629358e-07
23 3.7447865697259886e-08 6.068121412138588 0.17972098626852379 4.21994933663683e-07
24 2.2132301769062224e-08 6.131703913143578 0.12099275089012562 2.3352009970167842e-07
25 1.2838168306217312e-08 6.098309042292165 0.09835282403821531 1.5827218691200073e-07
26 1.2838168306217312e-08 2.397598869726171 0.02397617680953564 1.4715011298349623e-07
27 1.1875684879925075e-08 5.223872396816972 0.10554755549484353 1.3413559196706615e-07
28 8.043528954004842e-09 6.079510833324999 0.09691828121645828 1.1245033393336712e-07
29 6.198256574663219e-09 6.072669667611834 0.16831565319906977 6.816398334663631e-08
30 4.056616820236059e-09 4.589423128456335 0.04589433518184433 6.745989766798743e-08
31 4.056616820236059e-09 8.891586849024691e-07 1.0718389200192746e-07 6.868488577893572e-08
32 3.4426688166888653e-09 6.0587550567264365 0.2549781349862671 5.305391725940467e-08
33 3.4426688166888653e-09 5.465710827585458 0.10906975177573178 4.166983247344547e-08
34 3.0300530973192963e-09 6.110701328027567 0.06110706956803868 4.011384868718437e-08
35 3.0300530973192963e-09 3.538642627809452e-07 5.300476745517813e-08 3.928243375028728e-08
36 2.090733364212838e-09 4.007185954186941 0.20206230207220735 4.27239101874477e-08
37 9.60533430571786e-10 6.139107069748917 0.13458343883580048 4.3117255987823455e-08
38 8.175224941453507e-10 6.139233182546274 0.06139237183226638 3.679491245023314e-08
39 8.175224941453507e-10 5.395055185150142 0.14871648401709847 4.330351766057561e-08
40 8.175224941453507e-10 6.139471092534674 0.17348490062058744 4.472332060245776e-08
41 8.175224941453507e-10 5.903236639447481 0.05903241460467407 4.619401261507505e-08
42 8.175224941453507e-10 5.6901713983440025 0.10546402205880538 5.310563588878381e-08
43 8.175224941453507e-10 4.375081602915216 0.04375086585492228 4.532075736918273e-08
44 8.175224941453507e-10 1.2657883674549453e-07 5.0504386113203734e-08 4.3477152988913303e-08
45 8.175224941453507e-10 3.552328418069813 0.03552333371844872 4.024729571838748e-08
46 8.175224941453507e-10 6.059222507888951 0.13410984355761987 3.77992717126574e-08
47 8.175224941453507e-10 1.4553733196365215e-07 3.9526059243399915e-08 3.350314203842686e-08
48 8.175224941453507e-10 1.1886600302516261 0.011886640319495162 3.730965447701351e-08
49 8.175224941453507e-10 6.123938621383264 0.11040423033316128 4.079415960589472e-08
50 8.175224941453507e-10 3.709968736515393 0.06547041804315552 3.8626643661388016e-08
51 8.175224941453507e-10 4.4637856072967566 0.1447909552838185 3.93070149762309e-08
52 8.175224941453507e-10 3.1153564861678373 0.031153610984882344 3.8746952757406916e-08
53 8.175224941453507e-10 3.625895086811575 0.06931439182838892 4.319344393266533e-08
54 8.175224941453507e-10 3.730479022701808 0.037304835739459516 3.6800705149886426e-08
55 8.175224941453507e-10 6.099598770227139 0.13226009432923225 3.764381562021413e-08
56 8.175224941453507e-10 1.1178823600133114e-07 3.51512406915333e-08 3.149364546928268e-08
57 8.175224941453507e-10 2.0222660568336437e-07 3.8607091088493915e-08 3.2548639783414046e-08
58 8.175224941453507e-10 1.0361623425936273e-07 3.230936895803893e-08 2.9687992952887043e-08
59 8.175224941453507e-10 6.126573435726314 0.098659329407039 3.2659686954872313e-08
60 8.175224941453507e-10 5.924270539323079 0.059242744544965205 3.420461824887866e-08
61 8.175224941453507e-10 3.624830593120635 0.03624835336794652 3.964476791296079e-08
62 8.175224941453507e-10 1.4325265285108912e-07 4.4471358240372184e-08 3.90710899189628e-08
63 8.175224941453507e-10 6.106672392105402 0.2539070941951475 4.56064772613729e-08
64 8.175224941453507e-10 5.373427159393213 0.14165802069164338 4.919526874758162e-08
65 8.175224941453507e-10 4.698535331714581 0.04698540594230889 4.578137202670973e-08
66 8.175224941453507e-10 6.027088580904763 0.1420236905964506 4.0512173615780966e-08
67 8.175224941453507e-10 3.921736428127922 0.05977539486544929 5.095792277032274e-08
68 8.175224941453507e-10 2.6639303390449673 0.02663936914327996 5.6259438441230714e-08
69 8.175224941453507e-10 5.9708360821522675 0.11895984100172936 5.457322282964583e-08
70 8.175224941453507e-10 4.980684232361327 0.1285152154335785 5.028146832231073e-08
71 8.175224941453507e-10 5.595193701645023 0.19688055706753924 5.615687337368058e-08
72 6.313070066710225e-10 3.74276213010165 0.07307292977864195 5.977306694049389e-08
73 6.313070066710225e-10 3.61113472861452 0.13477861940064298 4.824104005152208e-08
74 6.313070066710225e-10 1.873801278584608e-07 5.644698225282241e-08 4.42122805033307e-08
75 4.075713100348821e-10 3.207833338089291 0.032078394085113315 4.961610011733342e-08
76 4.075713100348821e-10 6.139305507037509 0.17798005801263375 4.743544090857199e-08
77 4.075713100348821e-10 5.999107276497693 0.13463186009990502 4.861970781533387e-08
78 4.075713100348821e-10 3.6928988862306054 0.0710998669781763 4.828637800713409e-08
79 4.075713100348821e-10 4.0237996049635605 0.10989004337129289 4.0099474407639946e-08
80 4.075713100348821e-10 5.501279035964096 0.09631981189400016 3.4842136731327855e-08
81 4.075713100348821e-10 5.878452597496398 0.05878457551592069 3.423041805561411e-08
82 4.075713100348821e-10 5.924145408727231 0.14627010690269776 3.5578600066088484e-08
83 4.075713100348821e-10 6.1368498582650055 0.15826245605639835 3.5903538364578935e-08
84 4.075713100348821e-10 4.348053907915709 0.08039213625481194 3.427398675981408e-08
85 4.075713100348821e-10 5.503029320970601 0.09249519394129252 3.2466746180404016e-08
86 4.075713100348821e-10 6.139606013312253 0.06139609790133962 3.0266637640607996e-08
87 4.075713100348821e-10 4.024892874756137 0.04024897065484191 3.628914635456226e-08
88 4.075713100348821e-10 3.805309172062611 0.07498427243855714 4.6110987472758325e-08
89 4.075713100348821e-10 6.104885723382608 0.18192399002132636 4.993798841113062e-08
90 4.075713100348821e-10 5.942961305371096 0.059429665989680996 4.283483123757037e-08
91 4.075713100348821e-10 6.1334239527441845 0.1464391882825123 4.2118618370778904e-08
92 4.075713100348821e-10 3.745762805680578 0.05355859044846836 3.88193854838903e-08
93 4.075713100348821e-10 6.131179373010347 0.06131184399487286 3.642333057385372e-08
94 4.075713100348821e-10 3.1785099752212886e-07 4.0232316589339234e-08 2.892067785253971e-08
95 4.075713100348821e-10 3.7352028171164418 0.03735207549940329 3.081361166223928e-08
96 4.075713100348821e-10 6.13921724722416 0.09813858455568711 3.001424930815233e-08
97 4.075713100348821e-10 6.131992372617379 0.1659492004309926 3.548634142092055e-08
98 4.075713100348821e-10 3.610672876155498 0.05167064247451007 3.5260642849976875e-08
99 4.075713100348821e-10 4.798290170501627 0.04798294290434783 3.522757063834092e-08
