1 291 359 308.73333333333335 299
2 291 291 291 291
3 291 291 291 291
4 291 291 291 291
5 291 291 291 291
6 291 291 291 291
7 291 291 291 291
8 291 291 291 291
9 291 291 291 291
10 291 291 291 291
11 291 291 291 291
12 291 291 291 291
13 291 291 291 291
14 291 291 291 291
15 291 291 291 291
16 291 291 291 291
17 291 291 291 291
18 291 291 291 291
19 291 291 291 291
20 291 291 291 291
21 291 291 291 291
22 291 291 291 291
23 291 291 291 291
24 291 291 291 291
25 291 291 291 291
26 291 291 291 291
27 291 291 291 291
28 291 291 291 291
29 291 291 291 291
30 291 291 291 291
31 291 291 291 291
32 291 291 291 291
33 291 291 291 291
34 291 291 291 291
35 291 291 291 291
36 291 291 291 291
37 291 291 291 291
38 291 291 291 291
39 291 291 291 291
40 291 291 291 291
41 291 291 291 291
42 291 291 291 291
43 291 291 291 291
44 291 291 291 291
45 291 291 291 291
46 291 291 291 291
47 291 291 291 291
48 291 291 291 291
49 291 291 291 291
50 291 291 291 291
51 291 291 291 291
52 291 291 291 291
53 291 291 291 291
54 291 291 291 291
55 291 291 291 291
56 291 291 291 291
57 291 291 291 291
58 291 291 291 291
59 291 291 291 291
60 291 291 291 291
61 291 291 291 291
62 291 291 291 291
63 291 291 291 291
64 291 291 291 291
65 291 291 291 291
66 291 291 291 291
67 291 291 291 291
68 291 291 291 291
69 291 291 291 291
70 291 291 291 291
71 291 291 291 291
72 291 291 291 291
73 291 291 291 291
74 291 291 291 291
75 291 291 291 291
76 291 291 291 291
77 291 291 291 291
78 291 291 291 291
79 291 291 291 291
80 291 291 291 291
81 291 291 291 291
82 291 291 291 291
83 291 291 291 291
84 291 291 291 291
85 291 291 291 291
86 291 291 291 291
87 291 291 291 291
88 291 291 291 291
89 291 291 291 291
90 291 291 291 291
91 291 291 291 291
92 291 291 291 291
93 291 291 291 291
94 291 291 291 291
95 291 291 291 291
96 291 291 291 291
97 291 291 291 291
98 291 291 291 291
99 291 291 291 291
100 291 291 291 291
101 291 291 291 291
102 291 291 291 291
103 291 291 291 291
104 291 291 291 291
105 291 291 291 291
106 291 291 291 291
107 291 291 291 291
108 291 291 291 291
109 291 291 291 291
110 291 291 291 291
111 291 291 291 291
112 291 291 291 291
113 291 291 291 291
114 291 291 291 291
115 291 291 291 291
116 291 291 291 291
117 291 291 291 291
118 291 291 291 291
119 291 291 291 291
120 291 291 291 291
121 291 291 291 291
122 291 291 291 291
123 291 291 291 291
124 291 291 291 291
125 291 291 291 291
126 291 291 291 291
127 291 291 291 291
128 291 291 291 291
129 291 291 291 291
130 291 291 291 291
131 291 291 291 291
132 291 291 291 291
133 291 291 291 291
134 291 291 291 291
135 291 291 291 291
136 291 291 291 291
137 291 291 291 291
138 291 291 291 291
139 291 291 291 291
140 291 291 291 291
141 291 291 291 291
142 291 291 291 291
143 291 291 291 291
144 291 291 291 291
145 291 291 291 291
146 291 291 291 291
147 291 291 291 291
148 291 291 291 291
149 291 291 291 291
150 291 291 291 291
151 291 291 291 291
152 291 291 291 291
153 291 291 291 291
154 291 291 291 291
155 291 291 291 291
156 291 291 291 291
157 291 291 291 291
158 291 291 291 291
159 291 291 291 291
160 291 291 291 291
161 291 291 291 291
162 291 291 291 291
163 291 291 291 291
164 291 291 291 291
165 291 291 291 291
166 291 291 291 291
167 291 291 291 291
168 291 291 291 291
169 291 291 291 291
170 291 291 291 291
171 291 291 291 291
172 291 291 291 291
173 291 291 291 291
174 291 291 291 291
175 291 291 291 291
176 291 291 291 291
177 291 291 291 291
178 291 291 291 291
179 291 291 291 291
180 291 291 291 291
181 291 291 291 291
182 291 291 291 291
183 291 291 291 291
184 291 291 291 291
185 291 291 291 291
186 291 291 291 291
187 291 291 291 291
188 291 291 291 291
189 291 291 291 291
190 291 291 291 291
191 291 291 291 291
192 291 291 291 291
193 291 291 291 291
194 291 291 291 291
195 291 291 291 291
196 291 291 291 291
197 291 291 291 291
198 291 291 291 291
199 291 291 291 291
200 291 291 291 291
