0 1.1715634649152027 7.763227781338857 5.388653138272237 5.6938972362429325
1 0.7250941316262041 11.251831234050211 5.310556278307268 5.099641895396461
2 0.6778559764557177 11.590334807567109 5.09759432872331 4.5117478167002965
3 0.09092719082055511 13.00692374577809 4.4683944179389625 4.09485203592984
4 0.09092719082055511 9.68999775045858 2.873459981359417 2.7837414978028456
5 0.06226460952497748 8.480948141145877 1.0754564061607719 0.6284178202194206
6 0.027879855110594765 6.096772838421025 0.5011548257423747 0.14258959078063116
7 0.007495753129142191 3.6942154571105523 0.21469358326614535 0.106649547129678
8 0.007495753129142191 5.87920306842145 0.1546729385344487 0.08413816796787588
9 0.005308526735355645 5.966738262199048 0.1748660808489061 0.04675026118862613
10 0.003192205389336511 6.025672371751831 0.21666956826442677 0.0258388910080396
11 0.001583893187256269 2.7548472657408607 0.05866309286630459 0.0091932185591177
12 0.0007925490788527334 2.0256451224343093 0.029439875539429127 0.00752251790788927
13 0.0007925490788527334 6.133719756492983 0.06681175028448533 0.004246221599901734
14 0.0003152191068029886 5.171588798896224 0.15754932903407012 0.003506424306472855
15 0.00028612931328142466 3.615053560968143 0.08855868904869 0.0024793215073359853
16 8.894776842938157e-05 6.121148794844462 0.18501785261167858 0.0013878331115138032
17 7.651133388408837e-05 5.954308078773067 0.06046338003801837 0.0006952286810304464
18 4.857370499466995e-05 5.985168979987193 0.06036099153519584 0.0003580412492483198
19 8.016391117582344e-06 6.050508172090893 0.25965798917685823 0.0001224700550825908
20 2.4484648730727088e-06 6.105234319855885 0.1467710078750481 8.935679314925338e-05
21 2.4484648730727088e-06 6.055835702828329 0.06062350130315122 4.893327869348596e-05
22 1.2007391423374258e-06 0.00010082244084630432 1.6433622210829667e-05 9.496378631457247e-06
23 1.1262499239883539e-06 5.947508830680494 0.05948161178562644 3.0758508011707875e-06
24 1.1262499239883539e-06 2.436445506903695e-05 3.775395969913831e-06 2.848617612460913e-06
25 4.884214672706833e-07 6.139388971578274 0.1770027730162955 2.8769614730528303e-06
26 2.1987071763263089e-07 5.952811610685341 0.10535778822131694 2.69144594655657e-06
27 2.1987071763263089e-07 5.765599888666319 0.1247981684555682 2.627906666052837e-06
28 2.1987071763263089e-07 8.212833876530823e-06 2.3532506249956953e-06 1.7807445922279896e-06
29 1.402981024689609e-07 1.0615699093552422e-05 1.7271916117955754e-06 1.2191941185513144e-06
30 1.3688646705034557e-07 3.622580429059163 0.03622677992698359 7.7596115355405e-07
31 1.1658358944899305e-07 4.536505973096183e-06 8.135875014936289e-07 5.306482102618304e-07
32 5.713214479285966e-08 3.639932202147382 0.06070834313360793 4.087008975695028e-07
33 5.713214479285966e-08 2.1062485697775912e-06 3.972930007201114e-07 3.365982110814514e-07
34 5.713214479285966e-08 5.76249841652028 0.11270307287929528 3.0171792042565926e-07
35 4.856407231912385e-08 5.720547835014447 0.09631701580487151 2.587992100622216e-07
36 2.1932468730057053e-08 1.0819022148297361 0.010819227725276104 1.666700080171779e-07
37 1.3842314405820844e-08 5.592701891055668 0.0819889137445738 1.3738368176419158e-07
38 7.702489757122066e-09 1.6348203577543075e-06 1.5535740088168382e-07 1.1728260362886544e-07
39 7.702489757122066e-09 4.492150718856273 0.08228844908581551 1.2003662464010745e-07
40 7.702489757122066e-09 6.101552566900324 0.12975365911144224 9.4045170317969e-08
41 7.702489757122066e-09 5.35986363292551e-07 1.1789399922079724e-07 8.984640276210598e-08
42 7.702489757122066e-09 3.726711804236047 0.05044243413541677 8.542989826665348e-08
43 7.702489757122066e-09 4.121909431553661e-07 1.0329845585133057e-07 6.826766929535211e-08
44 7.702489757122066e-09 4.4325201686845617e-07 9.678367442589319e-08 6.391110973780201e-08
45 7.702489757122066e-09 4.431725677883648 0.04431732615009119 6.238102701061621e-08
46 2.7166042748660857e-09 3.653304481747789 0.0691389239768577 5.783982226503781e-08
47 2.7166042748660857e-09 3.745159589876789 0.11153654507523894 5.68561770997178e-08
48 2.7166042748660857e-09 3.6392528104168886 0.09124910315150236 4.915345863665266e-08
49 2.7166042748660857e-09 5.989031423811483 0.1366978844077043 5.475078568295544e-08
50 2.7166042748660857e-09 5.978449938627705 0.22413512452922227 5.838243000155785e-08
51 2.7166042748660857e-09 2.5862383212782447e-07 6.978291727577357e-08 6.02833201135411e-08
52 1.1649530229362881e-09 5.966673763412242 0.09647400145178861 5.6669680947862844e-08
53 1.1649530229362881e-09 5.924370976495439 0.05924377394508207 5.9131525009803454e-08
54 9.677809664765391e-10 1.5475476995647353 0.015475542144871835 5.928066970639634e-08
55 9.677809664765391e-10 5.389604191984947 0.15851617789611197 6.167754351693588e-08
56 9.677809664765391e-10 4.478387573711128 0.17750805774099077 6.898338833494222e-08
57 9.677809664765391e-10 5.925218184947052 0.0592522575019605 7.18479342687317e-08
58 9.677809664765391e-10 6.13936444856537 0.17425365845475252 6.97675806016207e-08
59 9.677809664765391e-10 6.131565623157094 0.06131573472721454 6.803722429893355e-08
60 9.677809664765391e-10 3.7439006065414486 0.07158293893972291 6.174260791524944e-08
61 9.677809664765391e-10 6.0375874198436925 0.11970608317365028 6.036191502190036e-08
62 9.677809664765391e-10 3.612073526051273 0.03612079656710355 5.954006043751292e-08
63 9.677809664765391e-10 6.030874828408109 0.13218874951165513 5.935508839982617e-08
64 9.677809664765391e-10 3.651000995953883 0.036510071284709 5.215683573922547e-08
65 9.677809664765391e-10 5.737665879087306 0.14424373038031274 5.254613677507791e-08
66 4.407110232307332e-10 3.8698448418787064 0.03869850557378671 4.553027155296263e-08
67 4.407110232307332e-10 5.523736944444458 0.07361122705256368 4.5809944726471485e-08
68 4.407110232307332e-10 6.0671183850136785 0.0969060492777041 4.438043754717569e-08
69 4.407110232307332e-10 5.973567954738218 0.24444301177066777 4.691579791327172e-08
70 4.407110232307332e-10 6.0220695891805285 0.15716363049728838 5.5152890698906276e-08
71 4.407110232307332e-10 1.8151610037264732e-07 5.6554164888922284e-08 5.197832608772046e-08
72 4.407110232307332e-10 1.5201901293337983e-07 5.745932194045622e-08 5.2512011183836194e-08
73 4.407110232307332e-10 6.097927931253437 0.27904177272217023 5.557976523462571e-08
74 4.407110232307332e-10 5.927338043825852 0.09430616977673624 5.617168286065066e-08
75 4.407110232307332e-10 1.073207290608004 0.010732135116108897 5.529440239016026e-08
76 4.407110232307332e-10 5.924511288664103 0.1492437384500245 6.300627442001883e-08
77 4.407110232307332e-10 5.538986021702996 0.09157595189711157 7.216298536505406e-08
78 4.407110232307332e-10 5.18980414116788 0.08844130127104398 6.880886127547114e-08
79 4.407110232307332e-10 2.3588479700268867 0.023588540741157776 5.742998832047874e-08
80 4.407110232307332e-10 6.065621492615321 0.12104684355467861 5.9364206439482814e-08
81 4.407110232307332e-10 3.2938267446064065 0.032938321155198784 5.088835353106447e-08
82 4.407110232307332e-10 1.903344828413367e-07 4.8272198025500755e-08 3.779874591103294e-08
83 4.407110232307332e-10 3.351436333754951 0.033514413227924124 3.772709122884521e-08
84 2.732609694078292e-10 6.039351565526115 0.09121986724668983 4.62323144212462e-08
85 2.732609694078292e-10 3.2225657921798256 0.03222571819044342 3.937963954925294e-08
86 2.732609694078292e-10 5.9554799110548515 0.07734282253714264 3.814164140081289e-08
87 2.732609694078292e-10 5.962596027742631 0.05962602533266567 4.210732251763716e-08
88 2.732609694078292e-10 3.9746759216736973 0.06280832981263712 4.483876780980722e-08
89 2.732609694078292e-10 1.4769520051416407e-07 5.115043746783954e-08 3.9726936851280925e-08
90 2.732609694078292e-10 4.920192660578305 0.08528308811970055 3.9457797473829714e-08
91 2.732609694078292e-10 5.888329913290228 0.058883354217005614 4.024699196136794e-08
92 2.732609694078292e-10 5.342250923009875 0.0534225531672534 3.547802629455532e-08
93 2.732609694078292e-10 3.6290713630171294 0.07094845896538468 3.856178887318151e-08
94 2.732609694078292e-10 5.954968916424075 0.19860822610898662 4.8872721425397e-08
95 2.732609694078292e-10 4.937032435499017 0.07786814639111293 5.1001175283005296e-08
96 2.732609694078292e-10 1.5746969284080592e-07 5.5778687357843636e-08 5.3320413417878854e-08
97 2.732609694078292e-10 3.198468595861297 0.03198474246533328 5.3094419971699836e-08
98 2.732609694078292e-10 1.7369018268098557e-07 5.3511736108902144e-08 4.884831961149416e-08
99 2.732609694078292e-10 1.861183318574433e-07 6.150426079543081e-08 5.5401067289295725e-08
