0 1.6259691308535626 7.776155497502087 5.2252219515319025 5.202443350676244
1 0.6634447404023303 9.496837625698468 5.182519298562382 4.937398005805683
2 0.23473985280620768 11.751255147904265 4.606404348694456 4.1758168962651485
3 0.2234035349948731 8.64219426480043 3.1525262528304654 3.060492326601747
4 0.18015610591171383 8.919707213238894 1.8858623581660825 1.3333113044994218
5 0.059967224426398236 3.8253019551961427 0.8152639576324339 0.4628611992154146
6 0.055372094771837244 3.2097578125152926 0.49987640079581974 0.2543294335780524
7 0.025514421306997992 1.6195177975477155 0.25826355592279654 0.21306347148284788
8 0.025514421306997992 3.267457784908292 0.2086058171842496 0.11796702178586438
9 0.01417123133414977 1.4871976142364258 0.14263262916348035 0.0805042357272403
10 0.006453665356336291 6.082105270157548 0.21882588440305867 0.05151727920220717
11 0.0006033229092925474 3.8557879649327345 0.12255101675053054 0.03524298783747293
12 0.0006033229092925474 6.056582910353065 0.1694671744538472 0.01017810837125177
13 0.0002565239410476927 3.986973180268475 0.17184750304490004 0.0019031182104058963
14 9.958284120914485e-05 3.547076272464427 0.07097721880832106 0.0006086042626560761
15 9.958284120914485e-05 5.4061721099812985 0.12814506896896793 0.0006033229092925474
16 5.437828560106439e-05 0.0038127435406285493 0.00074522327591934 0.0006007384675368321
17 4.286293846833544e-05 5.937940107394201 0.1611146432495208 0.0004595816860306634
18 2.349729435069392e-05 5.934085811396432 0.0898369809987174 0.00015276178540846175
19 1.0902226293740824e-05 5.659434556371384 0.09067730007148556 8.581746894664732e-05
20 3.5515813512354555e-06 5.987629378308281 0.11951796827227619 6.244357910079046e-05
21 1.5407518856314084e-06 3.653431757149328 0.036576826230151 3.282417900196677e-05
22 1.5407518856314084e-06 5.925497725454761 0.059280669991738665 1.5038544229017958e-05
23 8.728250802114701e-07 6.080548852111168 0.16791364275330412 9.515933614867578e-06
24 2.2790783704706996e-07 3.746408307047958 0.10640994526208965 4.216166273440791e-06
25 2.2790783704706996e-07 4.090045447742941 0.07825956224625796 1.8979196476642812e-06
26 2.4880766336110582e-08 5.7676755926530845 0.057678094143530256 8.545822844929774e-07
27 2.4880766336110582e-08 5.205040139028981 0.09228576296076789 5.940895317912975e-07
28 2.054776304660777e-08 3.666814969601884 0.07251233104885399 4.931673598385089e-07
29 1.787677961218037e-08 6.034729724979989 0.12027467487276959 3.775047123788511e-07
30 1.2914882052683652e-08 5.254004807424682 0.05254034265671011 1.7986666245306537e-07
31 7.143509339613274e-09 5.876113619838545 0.05876132139701661 1.1970854751908178e-07
32 2.4290547351313307e-09 9.269406295864258e-07 1.3877729424294216e-07 1.063188705963114e-07
33 2.4290547351313307e-09 3.691615126885758 0.0685161729314194 7.771337573458936e-08
34 2.4290547351313307e-09 6.009053062422584 0.06009060201191134 6.450288170256613e-08
35 2.4290547351313307e-09 5.986273452082816 0.05986280779338125 6.060956758702218e-08
36 2.4290547351313307e-09 3.1597353045142995e-07 7.094179411026857e-08 4.820973353858449e-08
37 2.4290547351313307e-09 5.940707909953765 0.1446358540520654 4.968014666317799e-08
38 2.4290547351313307e-09 2.627873193336804 0.04115373977159754 4.746914727959961e-08
39 2.4290547351313307e-09 3.619694472274642 0.036197014323240975 4.847955503706203e-08
40 2.4290547351313307e-09 6.12133131717054 0.13481736585734522 3.770816059400772e-08
41 1.1929235377294845e-09 4.032576994933443 0.04032581101129215 2.8066470481036276e-08
42 1.1929235377294845e-09 6.035308461365499 0.08323537342247175 2.7582892858646346e-08
43 1.1929235377294845e-09 6.139012937518505 0.12011441569432464 2.915641461598284e-08
44 9.999152617012896e-10 1.961894555125021 0.019618988511808676 3.310562712854903e-08
45 9.999152617012896e-10 3.5958487402795574 0.035958532122107645 3.568632900297075e-08
46 9.999152617012896e-10 6.056503022078331 0.11985726482246918 3.971678497194375e-08
47 9.999152617012896e-10 5.974574451091218 0.11192693794624302 4.2437369618397724e-08
48 9.999152617012896e-10 5.0864724357335085 0.07810479403330449 4.931007824282574e-08
49 9.999152617012896e-10 6.1377339094361325 0.10163882113565678 5.0531963058375595e-08
50 9.999152617012896e-10 4.8359208543830405 0.07176739494308519 4.9360292297961905e-08
51 9.999152617012896e-10 3.8770196942808615 0.10081763113500364 6.224771320617606e-08
52 9.999152617012896e-10 5.9483605586927055 0.07038875325965965 6.640511829303364e-08
53 9.999152617012896e-10 6.133277574025108 0.1193865891889198 4.192744507136581e-08
54 9.999152617012896e-10 3.6760224587048786 0.03676028521191158 3.960573069505813e-08
55 9.999152617012896e-10 3.114465103302216 0.03114470270340208 4.229515804254902e-08
56 9.999152617012896e-10 1.4437444351145245e-07 4.358031324258604e-08 3.695038808260165e-08
57 9.999152617012896e-10 2.1263026653346135 0.021263064989736746 2.9645101040642885e-08
58 9.999152617012896e-10 5.790246807266104 0.10406335440711084 2.5960048777307065e-08
59 9.999152617012896e-10 3.901527572543856 0.06247379108431561 2.909670593354008e-08
60 9.999152617012896e-10 3.713482350062773 0.09039735450272668 2.8967200638163604e-08
61 7.340266172661813e-10 6.0903126918273855 0.15722779151441543 2.366313056612057e-08
62 7.340266172661813e-10 5.9746172425622355 0.25049408090188785 2.564412371341973e-08
63 7.340266172661813e-10 4.000100867954288 0.07632065518295393 2.885964045518108e-08
64 7.340266172661813e-10 6.099412564785283 0.10035502333421634 2.7312154760039675e-08
65 7.340266172661813e-10 1.4357273814269433e-07 3.3306142110944845e-08 2.5471138531685256e-08
66 7.340266172661813e-10 1.9968970078584438 0.019969002539252313 2.3782302793762256e-08
67 7.340266172661813e-10 1.1261544630158937e-07 2.8871047934586613e-08 2.5425173522108935e-08
68 6.132450103280007e-10 6.135222288729775 0.22448882901674055 2.431201595598509e-08
69 6.132450103280007e-10 6.09969981130369 0.060997031118608665 2.6100022143538126e-08
70 6.132450103280007e-10 4.518591563517088 0.11155908174767747 2.448051406034324e-08
71 6.132450103280007e-10 5.9889342766047164 0.09653200919828885 2.5150850735400354e-08
72 6.132450103280007e-10 4.381816264124069 0.10219391606364324 3.0139310158716626e-08
73 6.132450103280007e-10 6.025767512680382 0.18726462657235513 3.227478240219739e-08
74 6.132450103280007e-10 1.870780464257717 0.018707849759540256 3.512734503274828e-08
75 6.132450103280007e-10 6.003911560035913 0.06003916316587135 3.9886959957158297e-08
76 6.132450103280007e-10 1.828499418543572e-07 4.218742526873598e-08 3.9561396381060376e-08
77 6.132450103280007e-10 5.953177508969578 0.21079703682512604 3.6361706978738084e-08
78 6.132450103280007e-10 6.138529259464114 0.1208179271803421 3.8068784125044886e-08
79 6.132450103280007e-10 3.6154785095382214 0.03615483057612215 4.123334607086804e-08
80 6.132450103280007e-10 1.9409008134019246e-07 5.23577594258029e-08 3.994221353664784e-08
81 6.132450103280007e-10 4.850843618893656 0.08462145323034652 4.4792168640839236e-08
82 6.132450103280007e-10 6.038849641518517 0.06038856537547802 4.214724436124584e-08
83 6.132450103280007e-10 6.139601445677524 0.16020941323840207 4.000080311428178e-08
84 6.132450103280007e-10 5.9456270796660675 0.1396773979439054 3.794138558887994e-08
85 6.132450103280007e-10 5.423169651130877e-07 5.92074911942575e-08 4.29173110383374e-08
86 6.132450103280007e-10 6.1391243020328155 0.16132660910479757 3.5376811258203134e-08
87 6.132450103280007e-10 6.132807135996796 0.09808977897001098 4.2704761060718965e-08
88 6.132450103280007e-10 2.50074006391543e-07 5.262798667970969e-08 4.12421088391568e-08
89 6.132450103280007e-10 1.9910107029730284e-07 5.968329576333531e-08 5.0805516682572716e-08
90 6.132450103280007e-10 5.563513621542153 0.10995595305131649 4.725488844670167e-08
91 6.132450103280007e-10 3.665956313560731 0.03665961924808199 4.8149944920083954e-08
92 2.5878721388039594e-10 6.019800219321073 0.11942853708326528 4.328340574843992e-08
93 2.5878721388039594e-10 3.8932612277894454 0.038932666164307524 4.8430126131648876e-08
94 2.5878721388039594e-10 3.7453034154427454 0.06935937420454015 5.307313566405014e-08
95 2.5878721388039594e-10 5.322694864219322 0.08065946989221634 4.334704195585459e-08
96 2.5878721388039594e-10 3.705409532232306 0.03705414703900816 4.36063030129219e-08
97 2.5878721388039594e-10 3.9163694895144237 0.15532593970507225 4.424253541301937e-08
98 2.5878721388039594e-10 6.072774690804128 0.12091431796625096 4.155401400751657e-08
99 2.5878721388039594e-10 5.936290082409069 0.18496853127700646 3.932286007923835e-08
