0 1.6437422224771407 7.760719901501396 5.744857693321248 5.9467188398470014
1 0.4240518944350211 10.178299465594732 6.171392929644075 6.304658235398355
2 0.4240518944350211 12.858197335700027 5.024244608163459 4.554206884487941
3 0.052627516358733306 9.266024728946425 3.0409309672882907 2.701738273718233
4 0.052627516358733306 8.019329750661075 1.3573873717706397 0.5852475040875693
5 0.036514359656387274 3.4695890511005776 0.5292442673677047 0.256422944507682
6 0.03070231156667136 1.3397181213358533 0.17167865548080458 0.07433092560659249
7 0.010342199805837726 6.106481988586129 0.14950445806568452 0.0637516416856827
8 0.007144052249679067 5.930245228110056 0.17628069515032793 0.052627516358733306
9 0.007118849827766116 5.764914737766819 0.15735767609693427 0.04664005634625967
10 0.004912675045663395 6.045678880628639 0.13391321852087934 0.03368618786987598
11 0.002497958209993545 6.073671912082183 0.15855946897305648 0.019295395068154253
12 0.0019955942779401603 6.051977820539729 0.07522842440892033 0.010263111206163078
13 0.0012947810183097097 6.087783947311745 0.07089383916758536 0.0074017903714893585
14 0.00044767471523998736 0.036533574086338394 0.007203319326275643 0.005139607118167522
15 0.0001600593480692858 6.00387081167375 0.14079135956870023 0.0029044672010614114
16 1.2184963960937267e-05 0.043950774202973 0.0024328876308137913 0.001180361921397921
17 1.2184963960937267e-05 3.4013044296814674 0.03461684552168085 0.0002680575705551469
18 3.788751467670437e-06 5.938653155151485 0.09583691442170339 4.40064572093668e-05
19 1.3883896596844636e-06 5.9354731346304845 0.1113679856810143 1.3779906261834896e-05
20 1.2840230967370303e-07 5.965869681530556 0.25434925903716654 1.2184963960937267e-05
21 5.5684183042359336e-08 5.924640719817514 0.19264158626944614 2.48428563986991e-06
22 1.3636203721745233e-08 5.490227011384288 0.18936572081472627 2.3717975006221081e-07
23 1.2892681144904827e-08 6.03276445500811 0.11372702529887187 1.701894167815965e-07
24 3.6012690607378772e-09 6.091637068219903 0.060916510923360485 9.838436065834344e-08
25 3.6012690607378772e-09 5.568253831472521 0.13095687943140683 1.0497160340960932e-07
26 3.6012690607378772e-09 4.980784476367511 0.04980795841182709 9.90042718918005e-08
27 3.6012690607378772e-09 6.132732824163359 0.34168374099119847 9.140806023211212e-08
28 3.6012690607378772e-09 3.6189002170679356 0.0361890989192524 8.164907017160772e-08
29 3.6012690607378772e-09 5.358818912254385 0.053588289537056515 7.990806638602521e-08
30 3.6012690607378772e-09 3.7162701183319737 0.11534267889381701 7.40216852257447e-08
31 2.8841999899498205e-09 3.5017886502287188 0.0782057169404588 7.733122986408603e-08
32 2.8841999899498205e-09 1.0727078640730139 0.010727165272201286 8.229234227385973e-08
33 2.8841999899498205e-09 3.683901101374776 0.0727474888693481 8.411058027846252e-08
34 2.8841999899498205e-09 3.385228279917385e-07 9.561604999319684e-08 8.187569244810788e-08
35 2.8841999899498205e-09 6.055077725953399 0.09659652368756953 8.440757648386921e-08
36 2.8841999899498205e-09 5.936592976623523 0.11353275695461684 7.581156369340647e-08
37 2.8841999899498205e-09 5.413584242004195 0.1647474359446729 7.117316380700345e-08
38 2.8841999899498205e-09 5.067625754584526e-07 9.677444600342255e-08 7.845641158965577e-08
39 2.8841999899498205e-09 3.8802016871580816 0.03880211068068201 8.536148898841134e-08
40 2.8841999899498205e-09 5.610331172864239 0.056103403633276316 8.924874217441925e-08
41 2.8841999899498205e-09 4.169742385787323 0.041697520464990256 7.809816660042657e-08
42 2.8841999899498205e-09 6.137199533763969 0.18346262202222155 8.884470803494082e-08
43 2.8841999899498205e-09 6.079524594725157 0.207564618972887 8.903797210635389e-08
44 2.8841999899498205e-09 3.6429252519713704 0.07257357782742441 8.401510820377212e-08
45 2.8841999899498205e-09 6.135536009522983 0.19938298370415589 9.328143990572357e-08
46 2.8841999899498205e-09 3.742216412851907 0.048907101694968966 8.836968179437577e-08
47 2.8841999899498205e-09 6.051698210202307 0.06051707777889101 8.436514287168961e-08
48 2.8841999899498205e-09 6.1394978850214095 0.2558349392230522 7.869896423429168e-08
49 2.8841999899498205e-09 3.3109551056398345e-07 7.588687887860601e-08 6.867835944390777e-08
50 2.150390532307256e-09 6.047375129625486 0.12001939682292659 7.044432281944069e-08
51 2.150390532307256e-09 6.101710506060606 0.19140440579538864 5.7337715464456096e-08
52 2.150390532307256e-09 3.119083736770563 0.04675130485028022 5.780635570218351e-08
53 1.976559804717226e-09 2.469503246266932 0.02469511081340363 5.611619302570148e-08
54 1.976559804717226e-09 3.36639045667927 0.033663982129453825 6.285518105997312e-08
55 7.323603945508239e-10 6.0896795736287785 0.12119649603554511 8.148787467021634e-08
56 7.323603945508239e-10 5.957963448698074 0.059579734651606216 7.638611743132628e-08
57 7.323603945508239e-10 6.117717951045638 0.1096358284134627 5.99227942821301e-08
58 7.323603945508239e-10 5.880584987526316 0.16923593773142984 4.5628745670711623e-08
59 7.323603945508239e-10 3.501606921199095 0.03501614409119119 4.899348171605311e-08
60 7.323603945508239e-10 4.739637356984538 0.047396439165314753 4.850892532104467e-08
61 7.323603945508239e-10 5.458635073707384 0.054586407603436714 4.737795267217848e-08
62 7.323603945508239e-10 2.3144250649309583e-07 5.397377853100238e-08 4.6955407118076664e-08
63 7.323603945508239e-10 3.251333521605599 0.032513386059409635 4.353193405748357e-08
64 7.323603945508239e-10 3.711766772864881 0.03711772074883859 4.587162516500598e-08
65 4.151385901707272e-10 6.030821504447918 0.13357710239325468 4.166807032746078e-08
66 4.151385901707272e-10 6.0392296963660606 0.14154172322284314 4.845679457687879e-08
67 4.151385901707272e-10 2.3734142517994883e-07 5.560977134777545e-08 4.51196684458921e-08
68 4.151385901707272e-10 6.0635943056906285 0.15765604883581216 3.8262197410432464e-08
69 4.151385901707272e-10 6.095884781745369 0.07277311263538608 3.120360547725909e-08
70 4.151385901707272e-10 4.621410968163872 0.046214165505596844 3.726403230430719e-08
71 4.151385901707272e-10 6.139628697309192 0.13282879143043166 3.0902363779006237e-08
72 4.151385901707272e-10 5.973212731578176 0.09610131944729074 2.8102843163679836e-08
73 4.151385901707272e-10 4.875696753315619 0.04875701227318446 2.9941725987470136e-08
74 4.151385901707272e-10 3.6934146360585065 0.03693418670626072 2.9702470261128155e-08
75 4.151385901707272e-10 3.5157457434209505e-07 3.882643293096066e-08 2.6072829673040587e-08
76 4.151385901707272e-10 5.982016305366649 0.09572533682886705 2.537403576141628e-08
77 4.151385901707272e-10 6.0481986700244015 0.2279395420137096 3.006454685205995e-08
78 4.151385901707272e-10 5.923426780633282 0.05923431537278956 3.289865491140631e-08
79 4.151385901707272e-10 1.8390021994107997e-07 4.5122789220641834e-08 3.751947419416979e-08
80 4.151385901707272e-10 6.585719564757323 0.10315158473146455 3.354347954953596e-08
81 4.151385901707272e-10 6.102749220808555 0.11588063703817938 3.835071682445346e-08
82 4.151385901707272e-10 6.123471338030843 0.2124239865607258 4.330667247032238e-08
83 4.151385901707272e-10 5.924365433026757 0.14334047023783023 3.956919814029902e-08
84 4.151385901707272e-10 6.114375504137367 0.07707126134391364 4.441804657417947e-08
85 1.635389601517545e-10 4.740321064566899e-07 6.390246104714947e-08 5.0573869092573887e-08
86 1.635389601517545e-10 6.072877827662513 0.12062137480910384 6.77944034244149e-08
87 1.635389601517545e-10 5.896212855890006 0.05896220058279398 5.998545171692626e-08
88 1.635389601517545e-10 4.093857114859745 0.04093864871386246 5.344223596992492e-08
89 1.635389601517545e-10 3.506004534801708 0.0350601130841225 5.4035153684850457e-08
90 1.635389601517545e-10 5.3627611452369806 0.07575193891737649 5.35555604308513e-08
91 1.0182477083731101e-10 6.122678535361668 0.12865051986994777 4.312930501626511e-08
92 1.0182477083731101e-10 6.073373890739653 0.21313288377759482 4.6023819866292115e-08
93 1.0182477083731101e-10 5.808864806210803 0.1381871589966773 3.632312095547263e-08
94 1.0182477083731101e-10 6.016591714067744 0.1736299683465294 3.250144020583434e-08
95 1.0182477083731101e-10 6.059667476739943 0.09774751916410127 3.255295988324747e-08
96 1.0182477083731101e-10 2.0974099657067313e-07 4.106154138483475e-08 2.969810219966007e-08
97 1.0182477083731101e-10 4.005413471236157 0.05739181958943822 3.521667801820172e-08
98 1.0182477083731101e-10 4.915048110361713 0.04915053748595861 3.5795427510976197e-08
99 1.0182477083731101e-10 5.976783445937883e-07 7.418521063229377e-08 4.8539066543895615e-08
